-42,10,12
-42,12,12
-40,12,13
-41,11,13
-41,10,13
-43,11,13
-41,10,14
-42,11,13
-41,11,13
-42,11,13
-41,11,13
-41,12,13
-41,11,13
-41,12,13
-41,11,13
-41,11,13
-41,11,13
-40,10,13
-42,12,13
-41,11,14
-42,11,13
-40,10,13
-42,11,13
-40,12,13
-43,11,13
-41,11,12
-40,12,12
-42,11,12
-41,11,12
-42,12,13
-42,12,12
-42,11,13
-42,11,13
-41,11,12
-42,12,12
-41,12,12
-41,11,12
-42,11,11
-42,11,12
-41,11,12
-43,12,12
-42,11,12
-42,11,12
-42,11,12
-42,12,12
-43,11,12
-42,11,11
-42,11,12
-42,12,12
-42,12,12
-42,12,12
-42,11,13
-42,11,13
-41,11,13
-41,12,13
-40,12,14
-40,11,14
-40,10,14
-42,11,15
-41,10,15
-41,11,15
-41,11,16
-41,10,16
-38,11,16
-38,11,16
-38,12,17
-37,12,17
-37,11,18
-38,12,18
-38,11,20
-37,12,21
-36,13,22
-35,13,22
-33,13,23
-32,14,25
-32,13,26
-30,12,26
-29,13,27
-27,14,26
-27,16,28
-26,19,27
-24,18,26
-20,21,26
-19,26,26
-19,25,27
-16,27,27
-14,30,27
-13,30,27
-18,48,27
-5,26,32
1,29,28
-2,28,31
0,31,25
-4,32,22
-2,31,23
0,31,25
3,30,24
6,35,27
8,35,28
7,34,27
5,35,29
7,34,29
6,36,29
10,33,30
11,31,28
8,29,30
8,31,30
5,26,30
0,28,29
-1,28,31
-2,24,27
-3,23,28
-3,24,33
-6,19,32
-21,25,44
-12,10,42
3,10,35
5,12,38
3,7,36
-6,4,33
-9,-7,38
-8,23,32
-5,6,38
-16,20,34
-17,6,41
-18,7,35
-17,7,35
-19,7,40
-16,6,39
-8,3,39
-10,9,29
-16,8,37
-11,5,34
-25,7,32
-20,4,38
-15,0,38
-14,0,36
-16,2,37
-20,-1,36
-26,1,37
-21,-4,38
-22,0,36
-25,2,33
-21,0,37
-19,-2,39
-21,3,34
-18,1,35
-16,3,35
-13,2,36
-8,4,34
-1,4,35
2,5,31
0,3,35
-12,3,34
-15,0,36
-16,-1,37
-17,-1,35
-20,1,35
-19,0,35
-20,-4,39
-24,-3,37
-25,-3,36
-22,-5,36
-20,-5,37
-20,-4,34
-23,-4,34
-23,-6,35
-23,-5,33
-22,-5,33
-21,-4,32
-23,-6,33
-23,-5,33
-24,-5,32
-24,-6,33
-26,-7,34
-25,-6,34
-25,-5,32
-23,-6,33
-22,-5,32
-23,-6,32
-23,-7,33
-23,-8,33
-21,-9,34
-23,-6,34
-24,-6,33
-23,-9,35
-24,-7,32
-25,-5,32
-21,-8,33
-21,-8,34
-22,-7,33
-22,-8,34
-22,-7,33
-23,-7,33
-24,-8,33
-23,-8,33
-22,-9,32
-24,-8,31
-22,-10,33
-22,-10,34
-23,-8,31
-23,-7,31
-23,-9,32
-24,-12,34
-24,-9,33
-23,-8,31
-20,-12,34
-20,-11,35
-20,-8,33
-21,-9,33
-21,-10,35
-21,-8,33
-19,-9,33
-19,-10,34
-21,-8,33
-23,-6,32
-23,-8,32
-24,-9,32
-25,-8,33
-26,-6,30
-26,-7,32
-25,-8,32
-25,-8,33
-24,-7,33
-25,-9,33
-25,-9,33
-25,-8,34
-23,-8,32
-22,-7,32
-21,-7,31
-19,-8,32
-22,-6,32
-23,-7,31
-23,-7,32
-24,-7,32
-25,-7,33
-24,-8,32
-24,-8,33
-24,-7,33
-24,-5,32
-22,-8,32
-24,-7,32
-24,-8,31
-23,-7,30
-23,-7,31
-22,-8,30
-23,-8,30
-25,-8,29
-27,-9,31
-29,-10,31
-29,-8,29
-27,-9,29
-29,-10,27
-32,-9,28
-29,-10,27
-31,-10,27
-34,-11,27
-35,-11,27
-36,-11,27
-34,-11,25
-34,-11,26
-34,-10,25
-32,-11,26
-32,-11,26
-32,-10,25
-33,-10,25
-32,-11,25
-33,-10,25
-33,-10,25
-32,-10,25
-32,-10,25
-32,-11,26
-32,-10,25
-32,-10,26
-32,-10,26
-31,-11,26
-32,-11,25
-32,-10,25
-32,-10,25
-32,-11,26
-31,-12,26
-32,-10,26
-32,-10,26
-31,-11,26
-30,-11,26
-32,-10,26
-32,-11,26
-32,-11,26
-31,-11,26
-31,-11,26
-32,-10,26
-32,-10,26
-31,-11,26
-32,-11,26
-32,-10,26
-31,-11,26
-31,-10,25
-32,-10,26
-32,-11,26
-30,-10,26
-31,-11,26
-31,-11,27
-32,-11,26
-31,-11,26
-32,-12,27
-32,-10,27
-31,-11,27
-30,-11,26
-31,-11,26
-32,-10,26
-32,-11,25
-32,-10,25
-32,-10,26
-32,-10,25
-32,-10,25
-31,-10,25
-31,-11,26
-32,-12,27
-33,-10,26
-31,-10,26
-31,-11,26
-31,-11,26
-32,-10,26
-32,-10,26
-31,-10,26
-31,-9,25
-32,-10,26
-32,-11,26
-32,-10,26
-31,-10,26
-31,-11,27
-31,-11,26
-30,-10,26
-30,-10,26
-31,-10,26
-31,-11,26
-32,-10,26
-33,-10,26
-32,-10,25
-31,-9,25
-32,-9,25
-33,-8,25
-33,-9,26
-33,-11,26
-33,-10,26
-33,-9,25
-31,-10,25
-31,-10,25
-32,-10,26
-32,-9,26
-32,-10,26
-32,-11,27
-32,-12,27
-32,-11,27
-31,-12,27
-29,-12,26
-30,-11,26
-30,-10,26
-31,-11,27
-32,-11,26
-32,-10,26
-33,-11,26
-32,-12,26
-31,-11,26
-31,-11,25
-31,-12,26
-31,-12,26
-32,-12,26
-31,-12,27
-29,-11,27
-30,-12,27
-30,-13,28
-31,-11,27
-31,-12,28
-30,-15,29
-28,-14,29
-29,-11,26
-29,-13,27
-29,-13,28
-30,-12,27
-30,-12,27
-30,-13,28
-30,-13,29
-29,-12,29
-29,-12,29
-30,-13,30
-29,-13,31
-31,-10,31
-29,-12,32
-28,-14,36
-31,-14,35
-33,-13,34
-30,-15,35
-26,-13,34
-23,-10,32
-23,-12,34
-22,-12,35
-22,-12,37
-23,-10,39
-25,-10,37
-23,-11,38
-21,-9,37
-21,-4,36
-19,-6,37
-20,-7,38
-20,-4,38
-18,-3,38
-14,-3,39
-14,-2,38
-11,-1,36
-9,2,35
-8,1,36
-7,0,37
-7,3,36
-5,3,38
-4,2,38
-2,2,38
-2,4,38
-1,1,41
2,3,39
5,7,37
5,6,38
6,2,40
10,4,39
8,8,36
8,4,39
12,3,39
14,5,40
15,2,45
16,6,43
22,8,39
17,11,37
14,9,37
18,6,37
19,13,34
18,15,34
22,15,34
26,15,35
20,11,36
15,6,37
17,12,34
13,17,31
10,9,37
11,11,36
17,13,36
17,11,37
17,16,33
18,12,30
15,15,25
6,12,26
5,14,25
8,16,25
5,14,24
5,21,18
0,24,18
6,19,19
7,24,18
6,21,20
8,10,22
18,5,30
17,10,27
10,11,26
16,2,35
19,2,35
11,4,29
8,7,30
1,8,25
6,2,29
5,18,29
6,15,24
14,2,34
-5,16,35
-6,2,36
-2,-3,47
-13,6,46
-34,-4,50
-32,-18,59
-42,-7,51
-54,9,38
-47,11,28
-26,8,24
-21,6,21
-30,8,17
-34,4,19
-28,4,20
-32,9,15
-43,7,16
-37,-4,21
-42,-2,25
-57,0,32
-70,0,37
-62,4,41
-62,6,41
-55,5,44
-52,4,45
-48,5,43
-47,3,45
-46,8,38
-39,4,40
-44,13,34
-40,16,36
-38,7,37
-27,3,39
-20,2,43
-24,3,46
-27,-4,46
-20,-6,44
-13,-3,44
-10,8,48
-15,5,59
-9,-13,66
2,-29,60
15,-36,47
34,-34,18
37,-36,-12
4,-2,-51
-78,2,-49
-69,-13,22
-6,78,9
10,91,16
32,16,5
42,-40,13
18,-19,27
27,-19,26
5,-31,34
1,0,33
6,7,27
2,-6,27
9,-5,31
4,11,37
-2,-9,31
8,-16,32
4,1,31
-3,-4,29
3,-8,32
2,1,35
-1,-1,24
-8,-9,30
3,-10,38
1,-2,26
-18,-11,34
-6,-11,41
6,-2,31
-18,-7,31
4,-16,42
-2,-7,37
-31,-2,38
-18,-9,47
-20,3,41
-34,7,45
-37,1,49
-36,11,48
-33,7,45
-29,0,44
-35,3,45
-36,12,43
-36,11,41
-32,7,41
-32,9,41
-39,14,43
-38,14,45
-36,9,46
-35,5,45
-34,4,48
-32,5,55
-45,9,64
-49,7,75
-45,1,79
-37,4,70
-36,2,58
-26,4,62
-7,0,54
-4,-6,40
-4,5,40
12,13,41
28,-3,28
38,-27,13
28,-35,-7
7,-17,-26
-18,9,-30
-38,10,-17
1,-30,-2
-28,11,20
-6,78,25
13,59,11
19,-5,19
17,-22,23
13,-11,26
9,3,24
11,-6,26
5,-16,23
20,-3,21
5,-1,26
-16,-16,35
5,-22,32
21,-10,19
20,6,20
10,10,24
9,-2,24
5,-1,18
7,-1,33
5,-6,33
-3,-8,31
-2,-10,42
4,-11,43
0,-14,40
-9,-21,43
-2,-9,44
-32,10,42
-59,25,37
-44,18,34
-35,16,31
-45,27,28
-55,28,32
-59,17,38
-59,18,39
-58,19,38
-49,16,36
-50,15,32
-46,18,29
-42,19,25
-37,16,21
-35,13,19
-32,13,18
-34,17,18
-34,16,17
-34,14,18
-34,16,19
-35,18,19
-35,16,19
-32,15,20
-33,16,21
-32,16,20
-34,16,21
-34,17,22
-35,15,22
-34,14,22
-33,15,22
-33,16,21
-32,11,21
-33,14,21
-35,16,21
-34,15,21
-32,15,20
-33,15,21
-33,18,20
-35,15,22
-32,15,22
-32,18,22
-33,13,22
-33,13,22
-34,16,22
-35,16,22
-34,14,22
-33,14,21
-34,17,20
-35,16,21
-34,16,21
-35,15,22
-33,16,21
-34,15,21
-35,16,20
-35,17,21
-33,15,21
-35,17,21
-34,17,20
-33,15,20
-37,19,20
-37,18,23
-32,16,21
-31,14,21
-32,11,21
-34,13,22
-34,15,22
-34,15,21
-34,14,21
-35,18,21
-35,17,21
-32,13,22
-33,13,22
-34,15,23
-33,14,22
-34,13,22
-32,13,22
-33,13,21
-34,15,22
-34,14,22
-35,13,23
-34,15,22
-34,15,22
-35,13,22
-36,13,22
-34,12,23
-34,10,23
-33,12,22
-35,12,22
-34,12,21
-34,12,22
-34,11,22
-33,11,22
-34,12,21
-36,12,24
-37,12,24
-37,10,26
-43,11,30
-46,15,35
-52,15,43
-53,15,53
-55,18,62
-64,18,64
-60,4,65
-52,6,57
-42,10,45
-25,10,32
-12,6,26
start
-11,0,38
-8,10,62
-9,23,80
7,-18,61
-7,-51,57
-5,-58,25
-19,-20,-21
-34,-4,-86
-100,-41,-73
-128,-1,23
-7,127,-23
65,43,-66
58,-95,-21
65,-77,23
30,16,13
end
27,1,21
-2,12,18
6,19,2
13,9,-6
-5,-2,-9
-18,8,-14
-4,9,-4
11,-6,-1
10,-8,22
10,10,46
20,-18,36
-3,-43,57
-3,-37,79
-16,-33,59
-1,-19,65
-37,-14,65
-37,3,58
-39,15,55
-36,9,50
-32,4,47
-31,5,40
-32,7,39
-34,7,36
-30,2,35
-31,-1,35
-28,0,33
-26,-1,30
-27,-1,30
-27,3,28
-22,4,25
-25,4,23
-32,8,26
-37,3,27
-48,5,30
-52,9,31
-50,9,31
-45,10,29
-42,7,26
-40,8,26
-38,5,25
-36,3,24
-35,4,22
-35,4,23
-36,6,22
-35,5,23
-34,5,22
-35,5,23
-36,7,25
-37,9,23
-35,8,23
-35,8,23
-34,7,24
-34,5,24
-32,5,24
-35,7,24
-33,6,24
-33,5,23
-33,5,24
-33,7,24
-33,6,24
-34,5,25
-35,6,25
-35,7,25
-35,7,24
-34,7,25
-34,8,25
-35,6,24
-34,7,24
-34,5,24
-32,5,24
-35,7,24
-33,6,23
-34,5,24
-34,7,24
-35,7,25
-35,6,24
-33,6,25
-35,6,25
-34,7,25
-34,7,24
-34,6,24
-32,7,24
-33,6,24
-34,6,25
-34,8,24
-35,7,25
-33,6,25
-32,7,24
-35,6,24
-33,7,25
-35,7,25
-33,6,24
-34,5,24
-34,7,24
-33,7,25
-34,6,24
-34,6,24
-33,6,24
-35,6,25
-36,5,27
-38,5,27
start
-35,5,29
-35,6,27
-37,6,31
-51,9,39
-78,17,66
-83,7,106
-127,-9,127
-99,6,95
-59,-5,46
-28,-18,23
19,-44,10
92,-31,0
91,31,-43
21,-12,-95
-80,-108,-128
-128,-128,0
30,127,-71
24,127,-40
52,-65,-26
55,-101,25
3,26,18
21,52,24
4,7,32
-16,-23,43
-4,7,38
6,22,37
end
4,-3,44
-6,-10,46
-3,11,42
0,18,41
-1,7,41
4,6,42
4,14,39
3,14,37
4,9,39
1,7,40
3,7,40
2,6,41
0,5,41
0,4,42
1,3,42
2,3,41
2,2,40
3,3,39
4,2,40
6,2,39
6,2,39
6,-1,39
6,-3,39
6,-3,39
4,-3,40
6,-5,40
4,-7,41
4,-6,41
5,-5,40
5,-5,40
6,-6,40
6,-7,40
6,-6,40
5,-6,40
7,-7,40
5,-8,40
4,-8,42
2,-4,41
4,-4,40
4,-4,40
4,-1,39
5,-2,39
5,-4,39
6,-3,39
6,-5,38
8,-6,38
6,-3,39
5,-4,39
7,-6,39
4,-6,40
7,-8,39
6,-9,40
5,-7,40
4,-7,40
4,-7,39
5,-4,39
5,-6,38
7,-7,38
7,-6,38
7,-7,39
6,-8,38
5,-10,38
5,-9,38
5,-8,37
6,-7,37
6,-7,37
6,-8,36
6,-9,34
5,-7,31
0,-6,36
0,-9,38
3,-13,36
6,-11,36
3,-7,35
2,-8,33
7,-9,34
6,-7,35
0,-9,33
0,-16,35
2,-17,34
2,-14,34
-3,-19,30
0,-23,35
1,-14,35
-9,-9,38
-5,-12,42
-4,-12,40
-5,-19,42
-4,-15,40
-8,-10,40
-10,-12,40
-10,-15,38
-5,-10,37
-9,-4,35
-14,-12,37
-10,-13,38
-12,-6,36
-16,-8,34
-18,-11,36
-17,-6,38
-20,-5,36
-23,-11,38
-22,-7,36
-29,1,35
-34,2,33
-24,3,35
-17,-6,37
-18,-12,35
-19,-7,36
-21,-3,35
-23,-6,34
-21,-5,32
-21,0,31
-26,1,31
-26,-1,32
-22,4,30
-26,3,30
-29,1,30
-29,5,28
-30,4,28
-30,1,29
-30,0,28
-33,2,28
-37,4,27
-38,-1,29
-43,1,27
-40,7,27
-34,6,29
-31,0,26
-32,-2,25
-31,2,22
-32,4,20
-30,5,21
-34,2,21
-37,1,22
-37,5,21
-35,1,20
-37,-2,19
-41,0,19
-43,8,19
-44,7,18
-42,2,16
-44,4,15
-43,12,14
-44,12,12
-45,10,12
-44,12,12
-44,13,11
-46,9,11
-45,9,12
-45,11,10
-46,9,10
-45,10,10
-46,11,10
-46,12,9
-44,10,9
-45,10,8
-44,12,9
-45,11,8
-44,11,8
-45,12,7
-44,12,8
-43,10,7
-43,12,7
-43,12,8
-44,12,7
-45,10,8
-45,13,8
-46,13,8
-46,13,8
-45,13,7
-44,13,7
-43,14,6
-44,11,7
-43,12,7
-44,14,7
-44,12,6
-44,12,7
-44,12,8
-43,13,6
-44,12,7
-45,12,8
-44,13,7
-44,13,7
-46,13,7
-46,15,8
-44,14,8
-40,12,8
-40,12,8
-41,14,8
-42,13,7
-43,13,8
-41,15,6
-44,13,8
-45,13,9
-43,15,8
-43,14,8
-41,12,8
-41,11,8
-42,13,8
-42,14,8
-43,13,9
-43,14,8
-42,15,8
-43,15,8
-43,15,8
-42,15,8
-42,15,7
-42,15,8
-42,15,7
-41,15,7
-43,15,8
-43,16,8
-43,15,8
-42,16,8
-43,15,8
-43,16,8
-43,16,8
-43,16,8
-43,14,8
-42,15,8
-42,16,7
-41,16,7
-43,15,7
-42,17,7
-42,16,8
-42,15,7
-42,15,8
-42,16,7
-43,15,8
-43,15,7
-43,15,7
-43,15,7
-44,14,7
-41,16,7
-40,16,7
-42,14,8
-42,17,7
-43,16,6
-43,16,6
-43,17,7
-42,17,6
-42,16,6
-41,16,6
-42,16,6
-42,16,6
-42,18,6
-42,17,6
-43,17,7
-42,18,6
-43,18,6
-42,16,6
-43,15,6
-43,17,6
-42,16,6
-41,17,7
-42,16,6
-43,17,6
-42,17,6
-43,16,7
-42,17,6
-42,18,6
-42,17,6
-42,17,6
-42,17,5
-41,17,6
-42,17,6
-42,16,6
-42,17,6
-43,16,6
-42,17,6
-42,17,7
-42,17,6
-43,17,6
-43,18,7
-43,17,7
-43,16,7
-41,15,7
-42,14,7
-42,15,7
-43,15,7
-45,16,6
-44,17,7
-42,16,8
-41,16,7
-40,15,8
-41,15,8
-42,16,8
-43,16,8
-42,16,7
-42,15,7
-42,16,7
-43,16,7
-42,15,7
-41,15,7
-41,16,7
-43,16,8
-43,15,8
-42,16,8
-42,16,8
-43,16,8
-42,15,7
-42,16,8
-42,16,7
-42,16,7
-41,15,8
-42,16,7
-42,16,7
-42,16,7
-43,16,7
-42,16,7
-43,16,8
-42,16,8
-42,16,7
-42,16,7
-42,15,7
-42,15,7
-42,16,7
-42,15,7
-43,16,7
-43,16,7
-42,16,7
-42,15,8
start
-42,16,7
-44,15,7
-44,15,8
-46,16,9
-44,15,9
-44,13,10
-44,13,12
-45,12,15
-48,11,19
-59,6,34
-85,20,67
-128,81,103
-128,122,93
-128,64,31
-82,-28,31
-18,-45,33
-3,-21,32
96,-38,21
127,-93,-32
85,-20,-128
-128,-128,-128
-93,33,-5
127,127,-128
85,-98,-59
19,-87,10
39,15,8
85,-5,9
end
39,-11,12
17,8,36
0,7,31
-12,-13,32
-12,-14,32
0,-4,25
-3,3,4
2,6,-4
7,22,-5
4,22,-5
4,-5,-3
25,-8,9
16,3,12
4,-9,12
-30,5,22
-67,-8,23
-86,-21,40
-91,-4,47
-106,-11,49
-118,-34,57
-110,-13,59
-124,-10,74
-86,0,45
-51,-6,20
-31,-14,10
-23,-8,3
-31,-8,2
-38,-11,5
-40,-5,8
-43,-5,11
-44,-7,13
-42,-3,13
-39,-5,14
-40,-8,15
-41,-4,16
-45,-3,18
-45,-5,19
-43,-5,18
-42,-3,16
-40,-5,15
-41,-9,15
-40,-9,14
-42,-5,13
-43,-6,14
-42,-6,14
-42,-4,14
-42,-4,15
-41,-5,15
-42,-4,15
-42,-3,15
-43,-4,15
-43,-5,15
-44,-5,15
-43,-4,15
-43,-5,14
-42,-8,15
-40,-5,15
-39,1,14
-42,0,14
-43,-2,15
-44,0,14
-44,0,14
-43,-1,14
-42,-1,13
-42,-1,14
-40,-1,14
-43,-2,15
-41,0,15
-40,-1,14
-42,-2,14
-43,1,14
-43,3,14
-44,2,14
-44,0,15
-43,2,14
-43,1,13
-41,1,12
-41,1,12
-41,2,11
-42,3,12
-43,3,13
-44,1,16
-47,2,16
-47,4,15
-45,5,13
-42,4,12
-40,3,12
-39,3,11
-38,3,10
-43,1,11
-44,1,12
-44,4,13
-44,3,13
-45,1,13
-44,4,12
-44,4,13
-45,2,12
-45,2,12
-44,5,11
-46,5,11
-45,2,12
-43,2,11
-43,1,12
-42,0,13
-43,-1,14
-43,2,13
-44,2,13
-42,1,13
-41,2,13
-40,1,13
-40,1,12
-42,0,13
-43,1,13
-45,3,13
-45,2,13
-44,1,14
-45,3,13
-44,2,14
-43,2,14
-41,4,13
-41,2,12
-42,2,13
-44,4,12
-43,4,12
-42,3,12
-43,2,13
-43,3,12
-42,2,13
-42,3,13
-43,1,14
-45,1,15
-45,3,14
-43,1,13
-43,2,12
-43,1,12
-42,2,12
-43,1,12
-43,2,12
-42,3,12
-44,2,13
-43,4,12
-44,6,12
-44,4,12
-44,4,13
-44,4,11
-44,3,11
-44,2,12
-43,2,12
-43,3,12
-42,3,12
-43,2,12
-43,1,13
-43,3,13
-44,2,12
-44,4,12
-43,3,12
-43,3,13
-43,3,11
-44,3,12
-43,3,12
-42,2,12
-43,2,12
-44,3,13
-44,3,13
-43,4,13
-43,3,12
-42,4,11
-45,2,12
-43,3,12
-44,4,12
-43,2,12
-43,3,12
-43,3,11
-43,3,12
-44,2,13
-44,2,11
-43,3,12
-43,3,12
-43,3,12
-43,4,11
-44,3,11
-43,2,12
-44,3,12
-44,3,11
-43,2,12
-43,3,12
-44,3,12
-43,2,12
-43,3,12
-44,2,12
-43,3,12
-45,3,12
-45,1,12
-46,3,11
-42,3,13
-41,4,11
-40,3,12
-42,2,13
-43,3,13
-45,3,13
-44,2,12
-43,3,13
-43,2,12
-42,2,13
-43,2,13
-43,3,13
-46,2,12
-44,2,13
-44,3,12
-42,4,12
-41,3,12
-42,2,12
-44,2,13
-45,4,13
-43,3,13
-43,2,12
-43,2,12
-43,3,12
-43,3,13
-43,2,12
-43,2,12
-44,4,12
-43,3,12
-43,2,12
-43,2,12
-43,3,12
-44,3,13
-43,2,13
-43,2,13
-43,4,13
-43,2,12
-42,3,12
-42,2,12
-42,2,13
-42,2,12
-45,1,13
-43,3,13
-43,3,12
-45,0,12
-43,3,12
-43,3,12
-43,3,12
-43,2,12
-44,3,12
-43,3,12
-43,2,12
-44,1,11
-44,1,12
-43,2,12
-44,1,12
-44,2,12
-42,3,12
-42,2,12
-42,2,12
-43,2,12
-44,1,12
-42,2,11
-42,1,12
-43,1,12
-44,2,12
-43,2,12
-43,2,12
-45,0,12
-44,2,13
-43,2,12
-42,0,11
-43,-1,11
-45,0,13
-44,3,12
-43,0,13
start
-42,0,11
-43,-1,13
-45,0,13
-44,1,13
-47,-1,13
-55,-1,15
-73,-1,26
-98,-7,61
-128,-5,117
-128,9,126
-128,-50,88
-118,-74,20
-30,-64,-16
-18,-8,0
113,3,-31
127,27,-113
-15,-80,-128
-128,-128,-128
-128,127,46
122,111,-24
68,-10,-98
76,-90,-7
41,-2,-51
-1,82,-51
4,38,-66
12,-21,-43
-17,-39,22
-20,-53,53
6,-53,49
24,-28,68
-16,-38,59
-23,-44,47
-27,9,46
-70,16,36
-54,-11,36
-30,-21,25
-45,-38,22
-64,-20,19
-76,-8,22
-70,-23,22
-101,-18,56
-128,0,53
-65,8,20
end
-34,-12,13
-29,-20,3
-30,-7,-3
-39,-5,1
-46,-10,8
-46,-8,9
-44,-4,9
-43,-4,9
-43,-6,9
-44,-5,10
-47,-4,10
-48,-7,12
-47,-6,12
-46,-4,11
-42,-4,9
-41,-8,8
-41,-7,9
-42,-5,10
-44,-6,9
-45,-7,11
-44,-4,11
-45,-6,10
-43,-6,11
-41,-4,10
-41,-5,11
-44,-6,12
-47,-4,15
-49,-1,16
-46,0,13
-45,0,12
-46,-1,12
-41,0,10
-40,1,9
-43,-1,10
-43,0,9
-45,1,10
-46,1,11
-46,-1,10
-44,-2,10
-43,-2,10
-43,-3,10
-44,-2,11
-44,-3,11
-43,-2,11
-45,-3,12
-43,-2,11
-45,-2,12
-43,-4,11
-42,-3,11
-44,-2,11
-43,-3,11
-44,-3,11
-44,-3,11
-43,-2,11
-42,-3,11
-43,-4,11
-46,-6,12
-46,-4,12
-45,-4,11
-45,-4,9
-45,-5,8
-45,-3,7
-46,-3,7
-46,-2,7
-45,-2,8
-43,-2,7
-45,-2,8
-46,-3,10
-47,-3,10
-44,-1,10
-45,-1,9
-44,-2,9
-44,-2,8
-45,-2,8
-46,-2,8
-47,-5,8
-44,-5,8
-43,-1,8
-43,-2,8
-46,-6,9
-45,-6,9
-45,-3,8
-46,-4,8
-46,-5,9
-45,-3,7
-45,-3,8
-45,-3,8
-46,-3,7
-46,-5,8
-46,-7,8
-44,-1,7
-44,-2,9
-44,-3,8
-46,-5,9
-44,-3,9
-45,-3,9
-45,-4,9
-45,-4,9
-45,-3,8
-45,-3,8
-46,-4,9
-45,-4,8
-45,-3,8
-46,-5,9
-45,-5,9
-44,-3,9
-44,-2,9
-45,-4,9
-45,-5,9
-44,-5,9
-44,-3,8
-45,-4,9
-45,-4,9
-45,-3,9
-46,-4,8
-45,-4,8
-45,-4,8
-45,-5,9
-44,-5,8
-44,-4,9
-45,-4,9
-45,-4,9
-45,-4,9
-45,-4,8
-45,-5,9
-45,-4,8
-45,-4,8
-44,-4,9
-45,-4,9
-45,-4,9
-45,-4,9
-45,-4,9
-45,-4,9
-45,-5,9
-45,-4,8
-45,-4,8
-45,-5,9
-45,-5,9
-45,-4,9
-44,-5,9
-45,-4,8
-46,-5,9
-45,-4,9
-45,-5,9
-44,-4,9
-45,-4,9
-45,-4,8
-44,-6,9
-44,-5,9
-44,-4,8
-45,-5,9
-45,-5,8
-45,-5,8
-45,-5,8
-45,-6,8
-45,-5,9
-45,-5,8
-45,-4,8
-45,-6,8
-44,-6,9
-44,-4,8
-45,-4,8
-45,-5,8
-45,-3,8
-45,-4,7
-45,-5,8
-45,-5,8
-46,-5,8
-45,-5,8
-45,-5,8
-45,-5,8
-45,-5,8
-45,-5,9
-44,-5,8
-45,-4,8
-45,-5,9
-45,-5,8
-45,-5,8
-46,-6,8
-45,-5,8
-45,-5,8
-44,-5,8
-44,-6,8
-46,-5,8
-45,-5,9
-45,-5,9
-44,-5,8
-45,-5,8
-46,-5,8
-45,-5,8
-45,-5,8
-45,-5,8
-45,-6,9
-45,-5,8
-45,-5,8
-45,-5,8
-45,-5,8
-45,-5,8
-45,-5,8
-46,-5,8
-45,-5,8
-45,-6,8
-45,-6,9
-45,-5,8
-45,-5,8
-45,-5,8
-45,-5,8
-45,-5,8
-45,-5,8
-44,-5,8
-45,-6,8
-45,-5,7
-45,-6,8
-45,-6,8
-45,-5,8
-45,-6,8
-45,-5,8
-45,-5,7
-45,-6,8
-45,-5,8
-45,-5,8
-45,-6,9
-45,-5,8
-45,-6,8
-45,-6,8
-45,-5,8
-44,-5,8
-45,-5,8
-45,-5,8
-45,-5,8
-45,-5,8
-45,-6,8
-45,-5,8
-45,-6,8
-45,-6,8
-45,-6,8
-45,-5,8
-45,-6,8
-45,-6,8
-45,-6,8
-45,-5,8
start
-45,-6,9
-45,-6,8
-45,-6,8
-45,-6,8
-45,-6,8
-45,-6,8
-45,-6,8
-45,-5,8
-44,-6,8
-45,-7,8
-45,-5,9
-45,-6,9
-45,-6,8
-46,-7,9
-47,-6,8
-53,-10,8
-77,-17,12
-86,-27,13
-120,-26,30
-128,30,53
-128,-4,72
-128,-47,35
-64,-53,18
-29,-74,13
-21,-21,7
19,-6,3
67,-27,-21
28,1,-86
8,11,-128
-121,-21,-128
-128,62,104
-40,108,110
37,41,-45
46,-18,-93
30,-48,-44
-18,-9,2
4,1,-38
8,1,-46
7,-1,-14
17,-12,-6
25,-21,12
10,-14,37
-11,-32,33
-12,-42,26
-80,-32,29
-127,3,42
-128,12,39
-128,-21,65
-128,2,53
-127,17,67
-62,-16,16
-30,-18,-1
-15,-12,-14
-30,-8,-5
-39,-12,-2
-49,-12,0
-55,2,5
end
-48,-2,4
-48,-4,6
-48,-1,8
-50,-7,10
-50,-7,11
-46,-4,12
-43,-4,11
-40,-4,10
-38,-6,8
-38,-5,7
-45,-6,7
-50,-3,9
-51,2,9
-49,0,8
-44,-4,7
-45,-5,6
-46,-2,6
-46,0,5
-46,-2,6
-45,-3,6
-46,0,6
-47,-1,7
-46,-2,7
-45,1,7
-45,1,7
-45,1,7
-45,3,7
-45,2,6
-45,2,7
-45,2,6
-46,2,7
-47,3,6
-47,2,7
-46,2,6
-46,2,7
-45,0,7
-45,1,7
-46,3,7
-46,5,6
-46,5,5
-46,5,5
-46,7,4
-46,6,4
-46,5,4
-46,4,5
-46,5,4
-46,5,4
-48,4,4
-47,5,4
-47,5,3
-49,4,4
-49,4,5
-47,5,4
-47,2,6
-50,2,7
-47,6,7
-53,2,9
-49,2,13
-42,4,11
-50,3,16
-52,4,17
-49,5,18
-50,3,21
-34,5,24
-25,3,24
-25,-2,23
-28,7,23
-28,12,25
-25,9,24
-19,5,25
-19,5,29
-21,8,30
-20,9,32
-18,10,32
-20,12,35
-20,12,35
-22,13,38
-19,19,34
-16,0,38
-16,7,35
-12,14,32
-11,16,31
-9,11,32
-8,8,33
-7,9,34
-11,13,34
-10,10,38
-7,9,39
-10,9,40
-9,10,38
-11,14,36
-11,11,37
-9,13,38
-9,12,37
-7,12,38
-4,10,37
-6,10,38
-8,12,36
-10,14,38
-9,14,38
-8,15,40
-6,15,39
-3,11,37
-3,8,38
-3,8,37
-5,9,37
0,7,37
-3,10,38
-2,9,38
-1,8,39
0,6,38
0,5,38
2,5,37
1,5,37
0,7,37
0,6,38
-1,7,38
-1,6,39
-3,8,41
-3,9,40
-2,7,40
-2,7,40
-4,8,39
-2,8,38
-4,6,38
-3,5,39
-4,8,39
-3,6,39
-4,5,40
-4,6,39
-3,8,39
-3,7,38
-5,6,38
-3,6,38
-3,7,38
-4,6,37
start
-6,7,38
-5,6,38
-6,7,39
-8,6,39
-8,5,40
-8,8,39
-8,5,39
-8,5,39
-9,6,39
-8,6,39
-7,6,38
-8,5,38
-8,6,38
-10,6,39
-11,3,43
-12,3,51
-8,1,59
-8,-3,70
-33,-13,97
-46,-23,110
-48,-27,117
-64,-46,101
-100,-38,114
-75,13,67
-76,51,43
-43,26,34
32,-15,5
83,-39,-32
57,-10,-71
32,-11,-118
-128,-59,-128
-127,59,53
38,117,19
17,28,-7
39,3,-18
60,-16,-53
23,-13,-33
31,-13,-31
7,-5,-30
7,-5,-17
6,3,4
end
-6,6,16
-14,2,35
-29,-8,29
-47,-33,26
-118,-13,35
-128,6,47
-128,-2,47
-128,-9,59
-128,-4,64
-96,6,30
-52,-23,16
-28,-14,2
-31,-10,0
-38,-3,-3
-38,7,-1
-39,5,3
-42,5,5
-47,12,6
-45,11,7
-44,9,7
-47,8,10
-51,6,11
-51,8,11
-46,10,11
-43,3,10
-39,1,9
-43,-1,10
-42,1,9
-47,3,10
-46,0,10
-46,2,10
-45,4,9
-44,2,8
-43,1,8
-45,1,8
-44,3,8
-44,4,9
-46,2,9
-47,3,10
-47,3,10
-46,5,10
-45,3,9
-45,3,9
-45,4,9
-46,5,8
-50,3,10
-47,2,10
-41,4,9
-40,4,8
-42,1,8
-43,1,10
-44,3,10
-45,3,10
-46,2,10
-44,3,11
-46,3,10
-44,3,9
-47,0,9
-45,4,9
-44,3,10
-41,1,9
-44,-1,9
-45,3,10
-47,0,10
-46,3,10
-45,1,10
-44,1,9
-44,2,9
-44,1,9
-44,-1,9
-44,1,9
-44,0,9
-44,1,10
-46,0,10
-45,3,11
-44,1,10
-43,2,10
-45,-1,10
-46,3,9
-45,3,9
-45,1,9
-45,1,9
-45,0,9
-45,2,9
-45,1,9
-47,-2,9
-47,0,10
-45,2,9
-42,1,10
-43,-2,10
-43,2,9
-45,0,9
-45,3,10
-46,1,10
-45,2,10
-45,2,10
-45,-1,10
-45,1,9
-44,1,9
-45,0,9
-44,0,9
-46,0,10
-44,2,9
-44,1,10
-45,1,10
-45,2,10
-45,1,10
-45,1,9
-44,0,10
-44,1,10
-45,0,10
-45,1,10
-44,1,10
start
-45,0,9
-45,1,9
-45,0,10
-44,0,10
-45,0,10
-47,-1,10
-54,-3,11
-61,-4,17
-75,-8,29
-95,-25,52
-128,-24,74
-128,-7,80
-128,-9,65
-117,-22,48
-71,-5,15
-17,2,16
33,-36,30
99,-45,12
101,23,-57
33,30,-100
8,-13,-128
-128,-76,-61
-5,63,-14
44,118,2
-6,-4,-5
3,-8,-22
9,0,-30
7,1,-30
end
8,3,-27
22,-2,-8
17,-6,-3
19,-5,17
4,-10,27
-27,-19,15
-63,-19,37
-93,-24,25
-114,-29,33
-128,-3,33
-128,6,21
-128,-2,18
-117,-2,15
-74,4,1
-49,-10,-9
-49,-8,-9
-39,6,-14
-41,2,-10
-55,-5,-8
-58,7,-5
-48,1,-5
-38,-4,-6
-45,-7,-7
-53,0,-4
-57,4,-3
-52,1,-4
-47,1,-4
-43,3,-5
-45,2,-5
-50,2,-6
-51,3,-7
-49,3,-7
-47,2,-6
-48,2,-7
-50,3,-7
-49,2,-6
-48,2,-7
-47,1,-7
-49,2,-7
-48,2,-6
-49,3,-7
-48,4,-7
-48,4,-7
-48,2,-7
-48,3,-7
-48,4,-7
-47,2,-7
-48,2,-7
-48,3,-8
-48,3,-8
-48,2,-9
-48,2,-8
-49,2,-8
-49,2,-7
-49,2,-7
-49,1,-7
-48,2,-8
-48,2,-8
-49,2,-8
-48,2,-8
-48,3,-8
-49,1,-8
-48,2,-7
-49,2,-7
-48,2,-7
-48,2,-7
-48,3,-7
-51,0,-8
-49,0,-8
-46,4,-7
-46,3,-7
-50,2,-7
-50,2,-7
-47,3,-7
start
-47,4,-7
-50,2,-8
-51,3,-7
-54,7,-8
-55,5,-7
-50,7,-3
-70,-12,2
-99,-8,13
-128,15,21
-128,10,56
-128,-11,46
-128,-36,16
-93,-45,0
-34,-18,1
11,11,9
79,-13,33
127,2,-2
121,105,-97
-17,-56,-128
-128,-128,-116
-47,127,-28
70,114,-24
0,-38,-56
19,-74,-28
61,-14,-11
73,-31,-18
17,-3,-15
14,-11,-9
end
14,3,-14
2,14,-10
10,-6,13
8,-13,15
14,-1,21
3,7,9
-47,-49,11
-89,-27,16
-112,-2,19
-128,-8,31
-128,-26,38
-128,-61,56
-125,-47,35
-74,-26,15
-38,-24,-1
-26,-11,-11
-37,-14,-10
-46,-16,-6
-58,-6,-3
-62,-2,-3
-46,-9,-3
-42,-12,-3
-50,-15,-1
-54,-14,0
-47,-13,0
-41,-12,-1
-40,-9,-1
-43,-6,-1
-49,-9,-1
-51,-12,-2
-47,-12,-3
-48,-14,-3
-48,-15,-3
-48,-16,-3
-45,-14,-4
-45,-14,-3
-46,-14,-4
-46,-15,-3
-47,-13,-3
-46,-13,-2
-46,-12,-2
-46,-12,-2
-46,-10,-2
-46,-11,-1
-47,-10,-1
-46,-10,-2
-47,-10,-2
-47,-10,-3
-48,-11,-3
-47,-11,-3
-47,-11,-3
-46,-11,-3
-47,-11,-3
-47,-9,-3
-47,-10,-3
-47,-10,-3
-47,-9,-3
-48,-10,-3
-46,-9,-3
-47,-9,-3
-47,-10,-3
start
-47,-10,-3
-48,-9,-2
-49,-9,-2
-50,-9,-2
-47,-8,-2
-45,-8,-1
-50,-11,-2
-55,-12,-2
-58,-13,1
-74,-17,9
-108,-35,22
-118,-26,33
-118,-36,35
-128,-52,35
-128,-38,26
-120,-26,22
-78,-19,11
-43,-9,23
-13,8,21
13,-5,20
53,-8,5
72,5,-16
57,8,-57
19,-20,-88
-128,-41,-110
-69,3,-5
-13,127,77
8,77,-17
end
7,-2,-30
13,-2,-42
21,1,-50
27,0,-47
21,4,-38
16,-7,-17
1,-4,15
3,7,30
-28,-16,30
-71,-71,21
-128,-60,22
-128,-14,31
-126,-33,25
-116,-47,25
-119,-44,26
-101,-15,18
-55,-16,6
-36,-18,-3
-34,-12,-5
-43,-1,-9
-49,-5,-9
-47,-4,-7
-49,-3,-7
-53,-3,-5
-51,-5,-4
-48,-9,-4
-49,-10,-3
-51,-10,-2
-53,-7,-2
-50,-8,-1
-47,-9,-2
-46,-9,-3
-44,-9,-4
-46,-8,-4
-48,-8,-5
-49,-8,-4
-49,-8,-4
-48,-7,-5
-48,-6,-5
-47,-7,-5
-47,-7,-5
-47,-9,-4
-48,-9,-4
-48,-10,-3
-48,-9,-3
-48,-10,-3
-47,-9,-4
-47,-8,-5
start
-48,-7,-5
-48,-7,-5
-48,-7,-5
-48,-7,-5
-47,-8,-4
-47,-9,-5
-47,-8,-4
-48,-9,-4
-48,-9,-4
-48,-9,-4
-48,-9,-4
-47,-9,-5
-47,-8,-5
-48,-8,-5
-48,-8,-5
-47,-8,-5
-48,-9,-5
-46,-8,-5
-47,-11,-2
-50,-13,-1
-56,-16,1
-65,-18,3
-89,-21,9
-118,-26,21
-123,-30,29
-128,-45,38
-128,-48,42
-128,-58,24
-121,-29,-18
-65,-11,-27
-11,6,-15
39,12,5
90,37,5
123,42,-13
90,-26,-64
-56,-103,-121
-128,-86,-128
-128,85,33
-90,116,104
18,77,-82
38,-37,-71
60,-51,-29
0,-1,20
end
14,1,-17
18,-3,-20
7,-7,-10
3,-14,-3
7,-18,5
4,-5,22
-16,-5,31
-19,-17,40
-25,-5,47
-28,-10,44
-60,-31,52
-64,-13,46
-88,-8,45
-86,-23,44
-108,-27,43
-118,-29,58
-78,-17,40
-59,-27,21
-52,-29,15
-29,-22,-1
-17,-24,3
-22,-32,4
-40,-27,9
-46,-25,13
-42,-25,13
-41,-28,14
-37,-29,12
-39,-24,13
-37,-21,12
-37,-24,13
-36,-24,13
-36,-20,13
-35,-19,11
start
-36,-23,11
-34,-23,11
-37,-22,12
-40,-25,13
-39,-22,13
-37,-21,12
-36,-25,11
-37,-25,10
-36,-25,11
-36,-26,10
-36,-28,10
-38,-29,11
-39,-25,11
-45,-27,13
-46,-28,15
-35,-24,14
-28,-29,10
-27,-33,10
-30,-30,10
-30,-32,11
-28,-40,12
-36,-48,16
-42,-57,16
-47,-62,13
-37,-78,4
-23,-75,-10
-20,-70,-16
5,-64,-25
37,-64,-39
42,-59,-33
71,-19,-44
83,-21,-51
84,-72,-56
67,-93,-64
64,-71,-84
67,-49,-99
15,-81,-96
-21,-58,-107
-111,5,-128
-128,-74,-128
-128,-43,12
-127,76,93
41,-56,-83
-1,-66,30
end
-35,-8,-1
-42,-24,-11
-23,-54,-20
-25,-65,-33
-15,-28,-26
0,-33,-19
17,-28,-6
13,-20,6
25,-35,7
39,-51,14
25,-45,15
3,-75,12
4,-103,5
-2,-108,2
1,-109,1
-1,-97,2
4,-81,0
3,-63,2
3,-54,3
0,-48,2
-2,-40,4
-2,-41,5
-2,-45,6
-5,-46,6
-8,-49,6
-8,-44,6
-9,-44,8
-9,-45,8
-10,-46,7
-11,-41,9
-12,-40,8
-11,-46,7
-18,-43,9
-18,-44,9
-17,-46,9
-15,-44,9
-13,-46,9
-10,-44,8
-12,-43,8
-12,-47,7
-12,-46,7
-13,-45,8
-13,-43,7
-15,-44,8
-14,-45,7
-15,-45,7
-14,-45,7
-15,-43,7
-14,-45,7
-13,-44,7
-13,-43,7
-13,-45,7
-14,-45,7
-13,-45,7
-14,-45,7
-13,-48,6
-13,-45,6
-12,-47,6
-13,-46,5
-11,-46,6
-13,-44,6
-12,-44,6
-12,-44,6
-13,-47,6
-12,-45,6
-12,-46,6
-10,-47,5
-9,-45,5
-9,-43,5
-11,-44,6
-11,-46,5
-12,-48,6
-11,-48,6
-11,-47,6
-12,-46,7
-11,-45,6
-11,-46,6
-9,-44,5
-8,-44,6
-9,-44,7
-10,-44,6
-10,-44,7
-9,-43,7
-10,-44,7
-11,-47,7
-12,-49,5
-13,-51,5
-12,-51,5
-11,-52,4
-10,-50,3
-8,-49,3
-9,-46,1
-12,-47,3
-15,-47,3
-11,-43,4
-8,-37,4
-8,-40,5
-9,-44,6
-12,-46,6
-13,-50,6
-13,-53,5
-12,-50,5
-13,-46,5
-11,-46,5
-10,-45,6
-10,-46,5
-9,-46,4
-10,-46,5
-10,-49,6
-10,-49,5
-11,-49,5
-11,-51,5
-10,-50,4
-10,-46,4
-10,-44,5
-9,-43,5
-11,-43,6
-11,-43,7
-11,-42,8
-11,-44,10
-13,-46,9
-14,-47,7
-13,-56,6
-8,-54,5
-6,-49,5
-7,-46,4
-6,-47,5
-8,-47,5
-8,-48,6
-10,-45,6
-10,-39,7
-10,-39,8
-11,-43,9
-10,-45,9
-8,-40,10
-8,-43,9
-9,-47,9
-9,-45,8
-8,-44,8
-8,-45,8
-10,-45,8
-11,-46,9
-10,-45,9
-11,-50,7
-14,-55,7
-13,-55,7
-15,-53,8
-13,-50,7
-10,-43,7
-9,-38,8
-8,-38,8
-8,-38,8
-7,-38,9
-9,-39,9
-12,-42,8
-14,-47,9
-16,-49,9
-16,-47,9
-14,-46,9
-14,-44,9
-13,-45,9
-12,-45,9
-12,-43,8
-10,-42,9
-11,-41,9
-12,-43,9
-11,-42,9
-13,-42,9
-14,-47,9
-16,-50,9
-16,-47,9
-15,-45,8
-13,-42,8
-12,-42,7
-11,-43,7
start
-11,-44,7
-12,-46,7
-12,-47,7
-11,-47,7
-10,-45,7
-10,-45,7
-11,-47,8
-11,-46,8
-12,-46,7
-12,-45,7
-11,-45,6
-10,-48,6
-10,-47,5
-8,-47,5
-7,-47,5
-7,-47,5
-7,-46,5
-6,-48,5
-7,-48,5
-8,-46,6
-9,-46,6
-9,-47,7
-9,-46,6
-9,-49,6
-6,-50,7
-2,-53,5
3,-55,2
9,-59,-2
25,-69,-8
43,-82,-14
49,-80,-18
67,-84,-24
60,-103,-24
16,-86,-19
40,-122,-21
30,-78,-18
30,-55,-18
9,-60,-26
8,-18,-60
-14,-7,-98
-39,-46,-128
-73,-128,-82
-128,-75,1
-77,109,22
-71,-14,5
-2,-43,-13
-13,-24,2
end
-29,-17,-5
-34,-54,-12
-46,-59,-17
-60,-52,-31
-49,-44,-24
-42,-37,-22
-12,-47,-18
-18,-51,-7
-4,-38,-2
25,-67,4
21,-51,10
20,-69,6
-8,-93,0
-6,-82,-5
-2,-95,-7
0,-77,-5
3,-68,-5
-1,-75,-2
-4,-63,-2
-6,-56,1
-9,-53,2
-14,-50,3
-17,-44,4
-16,-41,4
-17,-42,5
-15,-44,4
-18,-39,4
-18,-40,5
-17,-38,4
-21,-39,6
-20,-43,6
-22,-43,5
-22,-46,6
-22,-46,5
-22,-45,5
-21,-46,4
-21,-48,5
-19,-44,3
-19,-44,4
-18,-45,3
-18,-44,4
-17,-41,4
-19,-41,4
-19,-44,5
-19,-42,5
-19,-42,6
-20,-41,5
-20,-43,6
-20,-42,5
-20,-43,5
-18,-43,6
-18,-45,5
-18,-44,5
-19,-42,5
-19,-43,5
-20,-43,5
-20,-42,5
-20,-42,5
-21,-44,4
-20,-43,3
-19,-43,3
-17,-43,3
-17,-38,2
-11,-42,5
-13,-47,4
-17,-44,3
-21,-47,4
-22,-47,2
-24,-45,3
-23,-44,3
-22,-43,3
-22,-41,3
-21,-40,3
-23,-40,3
-19,-44,2
-18,-44,3
-17,-44,2
-17,-45,2
-19,-45,2
-20,-44,2
-21,-44,2
-22,-44,2
-22,-44,2
-23,-44,2
-21,-44,2
-22,-44,2
-21,-45,1
-18,-45,1
-15,-45,1
-16,-42,2
-17,-45,2
-22,-46,2
-21,-48,2
-22,-45,2
-20,-43,3
-21,-42,3
-20,-43,2
-19,-44,2
-13,-44,4
-16,-48,3
-20,-49,2
-21,-46,1
-20,-44,1
-18,-42,1
-17,-40,3
-18,-39,4
-18,-40,5
-20,-42,6
-21,-44,6
-20,-46,5
-18,-44,5
-18,-43,5
-17,-42,5
-16,-42,5
-16,-43,5
-16,-44,5
-16,-44,5
-16,-45,4
-16,-45,4
-16,-47,3
-15,-48,3
-15,-46,3
-14,-45,4
-16,-44,3
-16,-44,4
-16,-45,4
-17,-45,4
-18,-45,3
-18,-45,3
-17,-43,3
-17,-44,4
-17,-42,5
-18,-43,5
-19,-43,5
-20,-43,4
-22,-44,4
-22,-46,3
-21,-47,3
-21,-46,2
-17,-44,3
-15,-44,2
-14,-43,2
-14,-44,3
-15,-44,4
-19,-43,4
-22,-43,4
-22,-44,3
-22,-44,3
-20,-44,3
-17,-43,3
-17,-40,4
-18,-44,5
-18,-50,3
-16,-50,2
-14,-49,0
-13,-52,3
-14,-46,3
-16,-43,3
-18,-42,4
-18,-38,4
-19,-37,5
-17,-40,5
-16,-44,5
-16,-45,5
-17,-44,6
-18,-44,6
-18,-45,4
-19,-45,4
-20,-48,4
-20,-47,4
-18,-46,3
-15,-45,3
-14,-44,2
-13,-44,2
-13,-44,2
-13,-42,3
-14,-41,4
-15,-42,5
-17,-43,5
-19,-43,4
-19,-44,4
-18,-46,3
-17,-47,3
-17,-47,3
-17,-47,2
-17,-46,2
-18,-44,1
-17,-45,0
-17,-46,0
-17,-45,-1
-15,-44,0
-15,-44,0
-16,-45,0
-16,-45,0
-17,-43,0
-19,-48,-1
-19,-49,-1
-19,-48,-1
-16,-45,0
-16,-44,1
-17,-43,1
-17,-45,0
-18,-46,0
-18,-45,0
-18,-46,0
-19,-46,1
-18,-44,1
-19,-41,2
-21,-44,3
-22,-46,3
-22,-47,2
-22,-48,2
-21,-47,1
-21,-48,0
-18,-46,0
-17,-42,1
-16,-43,1
-14,-44,0
-13,-44,2
-12,-44,3
start
-27,-58,3
-24,-67,-1
5,-100,-15
17,-128,-19
9,-121,-20
9,-117,-22
14,-128,-29
31,-120,-42
34,-81,-46
16,-67,-87
-19,52,-128
-128,-35,-128
-128,-128,-104
-78,88,49
-52,-44,-33
-5,-34,-19
-80,25,-23
-40,17,-46
-9,-29,-54
-6,-29,4
end
22,-53,11
8,-53,8
13,-95,-11
-23,-128,-14
-22,-94,-17
-26,-88,-14
-20,-86,-10
-29,-77,-6
-33,-59,-8
-30,-52,-6
-27,-47,-6
-27,-45,-4
-28,-40,-5
-26,-40,-5
-26,-41,-4
-26,-36,-6
-28,-37,-4
-27,-32,-4
-28,-36,-4
-28,-39,-4
-32,-39,-5
-33,-37,-4
-36,-39,-4
-34,-39,-3
-35,-44,-2
-37,-35,-3
-35,-37,-3
-31,-38,-2
-29,-33,-4
-26,-35,-3
-26,-37,-4
-27,-35,-4
-27,-35,-3
-30,-34,-3
-32,-36,-4
-34,-40,-3
-34,-39,-4
-33,-36,-3
-32,-39,-3
-32,-37,-3
-31,-37,-4
-30,-38,-3
-30,-39,-4
-29,-40,-5
-28,-41,-4
-27,-35,-4
-26,-35,-4
-28,-38,-4
-31,-40,-3
-33,-39,-4
-32,-41,-4
-31,-40,-5
-32,-39,-5
-30,-39,-5
-30,-39,-4
-30,-40,-4
-27,-40,-4
-27,-41,-3
-24,-41,-2
-23,-39,-1
-25,-40,-2
-28,-44,-1
-28,-44,-2
-26,-42,-2
-25,-41,-4
-23,-43,-3
-20,-42,-3
-20,-39,-3
-20,-39,-3
-22,-38,-2
-25,-41,-2
-27,-45,-4
-28,-45,-3
-25,-39,-2
-23,-36,0
-26,-37,1
-27,-38,2
-31,-39,1
-33,-42,0
-32,-43,-2
-28,-42,-4
-25,-39,-4
-23,-38,-3
-23,-37,-3
-23,-38,-3
-23,-40,-2
-25,-41,-2
-27,-46,-1
-24,-46,-2
-21,-43,-4
-12,-46,-2
-13,-46,-2
-12,-47,-2
-10,-49,-4
-13,-57,-3
-25,-51,-1
-14,-49,-2
-11,-48,-3
-10,-47,-3
-6,-48,-4
-8,-47,-4
-9,-48,-4
-10,-47,-4
-11,-47,-4
-12,-47,-4
-12,-47,-4
-12,-49,-3
-12,-47,-3
-11,-49,-4
-11,-49,-4
-12,-49,-4
-12,-48,-4
-14,-49,-5
-14,-47,-4
-15,-46,-5
-15,-48,-5
-17,-47,-5
-16,-47,-5
-15,-46,-7
-15,-48,-6
-15,-49,-6
-14,-49,-5
-14,-48,-6
-13,-48,-6
-13,-49,-4
-13,-48,-5
-13,-52,-5
-12,-52,-4
-13,-47,-6
-14,-48,-5
-14,-51,-5
-14,-53,-3
-10,-50,-5
-12,-46,-3
-10,-44,-3
-9,-45,-3
-9,-47,-2
-9,-48,-2
-9,-49,-1
-9,-49,-2
-9,-49,-2
-9,-48,-1
-9,-47,-1
-9,-52,-1
-9,-52,-1
-10,-46,-2
-8,-48,-1
-8,-48,-1
start
-8,-52,0
-7,-56,0
-1,-61,-1
8,-68,-3
20,-75,-8
35,-79,-18
42,-87,-24
43,-89,-27
40,-68,-21
38,-56,-16
28,-72,-6
24,-54,-3
19,-91,1
23,-59,5
33,-17,-3
34,7,-60
16,-1,-128
-30,-98,-128
-128,-128,-55
-126,-4,83
-28,-22,-18
-1,-79,-40
-96,-37,-47
-30,-9,-75
-40,-18,-61
-31,-35,-53
-14,-29,-38
-10,-35,-32
22,-56,-27
41,-56,-20
48,-28,-18
57,-57,-24
44,-64,-28
43,-89,-33
44,-105,-30
31,-64,-30
7,-83,-36
-1,-119,-31
-10,-76,-22
-12,-59,-17
-11,-47,-14
-10,-42,-14
end
-5,-47,-17
-6,-52,-17
-12,-50,-15
-12,-51,-14
-11,-52,-14
-12,-48,-14
-13,-49,-14
-12,-51,-14
-12,-50,-16
-11,-48,-16
-11,-52,-17
-7,-51,-19
-8,-48,-18
-7,-45,-17
-7,-44,-17
-7,-45,-15
-7,-47,-15
-8,-46,-14
-10,-50,-14
-11,-51,-14
-12,-51,-14
-12,-53,-13
-13,-48,-14
-12,-48,-14
-11,-46,-15
-12,-45,-15
-11,-45,-15
-12,-46,-15
-11,-48,-15
-13,-47,-15
-12,-50,-14
-14,-50,-14
-13,-49,-14
-11,-49,-13
-13,-47,-14
-12,-48,-14
-12,-46,-15
-12,-46,-16
-11,-47,-17
-12,-46,-17
-12,-47,-16
-13,-48,-16
-12,-47,-15
-13,-49,-14
-13,-47,-14
-13,-50,-14
-13,-48,-14
-14,-46,-14
-12,-46,-15
-13,-46,-17
-14,-47,-18
-14,-48,-18
-14,-49,-18
-13,-49,-18
-13,-47,-19
-13,-47,-18
-12,-47,-18
-13,-48,-18
-13,-49,-18
-12,-49,-18
-13,-50,-17
-11,-52,-18
-5,-55,-19
4,-62,-22
7,-65,-28
17,-73,-39
47,-88,-56
58,-96,-69
60,-69,-74
70,-52,-67
64,-50,-58
58,-68,-51
37,-61,-44
33,-22,-37
4,-21,-46
-30,-68,-85
-30,-4,-126
-97,-23,-106
-128,-119,-63
-128,-103,27
-67,-48,10
-21,3,-30
-44,-23,-26
-48,-21,-42
-45,-35,-55
-46,-38,-66
-28,-21,-49
-30,-24,-34
-39,-42,-31
-13,-63,-26
9,-41,-19
43,-49,-34
59,-73,-21
31,-27,-18
-12,-82,-28
3,-128,-22
-9,-71,-18
-37,-85,-23
-35,-128,-31
-40,-81,-15
-27,-44,-14
-18,-34,-8
-18,-35,-9
-19,-38,-9
-24,-42,-9
-27,-48,-10
-27,-45,-8
-24,-41,-8
-27,-39,-7
-26,-42,-7
-28,-42,-7
-31,-42,-7
-30,-46,-8
-29,-45,-10
-29,-42,-10
-27,-42,-11
-27,-42,-12
-25,-41,-13
-24,-43,-13
-22,-43,-14
-21,-42,-13
-20,-39,-12
-22,-39,-11
-23,-43,-10
-24,-45,-10
-25,-44,-8
-25,-44,-8
-24,-45,-7
-24,-43,-8
-25,-42,-8
-25,-43,-9
-24,-43,-10
-25,-44,-10
-24,-45,-11
-23,-44,-11
-22,-43,-10
-21,-44,-10
-21,-43,-9
-22,-44,-10
-23,-45,-9
-22,-44,-8
-23,-42,-8
-23,-44,-8
-24,-45,-9
-23,-43,-9
-22,-42,-9
-22,-44,-11
-22,-45,-11
-23,-44,-10
-23,-43,-9
-21,-45,-10
-22,-47,-10
-22,-49,-10
-20,-53,-10
-15,-59,-14
-8,-66,-16
-2,-68,-22
3,-82,-31
2,-100,-41
3,-99,-48
13,-73,-49
13,-52,-44
10,-55,-38
15,-69,-32
17,-84,-33
30,-94,-31
19,-60,-29
3,-39,-23
-26,26,-50
-61,3,-110
-113,-88,-116
-104,-128,-49
-128,13,42
-128,-11,59
-48,-63,-31
-47,-46,-59
-52,-26,-55
-54,-25,-54
-35,-24,-49
-13,-23,-36
-4,-29,-25
9,-53,-16
24,-66,-8
26,-40,-6
23,-85,-8
7,-85,-11
-8,-80,-7
8,-90,-18
2,-85,-20
-10,-104,-22
2,-95,-19
-8,-59,-12
-10,-55,-11
-8,-46,-9
1,-30,-8
-2,-43,-6
-4,-59,0
6,-95,4
-6,-45,6
-7,-56,5
-8,-51,-2
-9,-42,-5
-9,-45,-9
-10,-49,-7
-8,-51,-6
-8,-51,-6
-10,-51,-4
-9,-48,-2
-9,-48,-1
-10,-48,-1
-10,-48,-1
-10,-48,-2
-10,-49,-3
-11,-48,-3
-10,-48,-3
-11,-49,-2
-9,-49,-2
-10,-48,-1
-9,-48,-2
-10,-48,-2
-11,-48,-1
-11,-48,-2
-10,-47,-3
-10,-49,-2
-9,-47,-2
-10,-48,-2
-11,-49,-1
-12,-51,-1
-11,-54,-2
-7,-61,-6
-6,-77,-11
-1,-80,-15
-10,-71,-15
-8,-73,-15
-5,-73,-25
3,-79,-31
4,-83,-32
6,-66,-32
7,-62,-33
19,-89,-29
32,-85,-33
49,-68,-42
32,-38,-55
4,-28,-61
-44,22,-100
-126,17,-128
-128,-113,-89
-128,-19,89
-93,20,-65
-58,-46,-28
-91,5,-49
-38,11,-58
-38,-6,-48
-26,-19,-44
-1,-24,-39
10,-31,-36
24,-51,-29
48,-51,-20
38,-39,-17
22,-53,-18
15,-66,-26
-14,-78,-26
-13,-75,-32
-11,-72,-38
-37,-87,-31
-31,-97,-28
-17,-81,-24
-16,-57,-20
-14,-39,-18
-14,-35,-17
-15,-37,-17
-21,-46,-16
-21,-51,-14
-24,-50,-14
-28,-67,-12
-24,-45,-15
-26,-48,-13
-24,-45,-16
-21,-39,-18
-22,-37,-20
-24,-42,-22
-23,-45,-23
-21,-41,-22
-19,-42,-20
-21,-43,-19
-26,-47,-18
-32,-55,-20
-28,-69,-21
-26,-74,-29
-27,-82,-31
-22,-80,-36
-17,-75,-41
-4,-75,-47
11,-73,-45
41,-63,-41
64,-55,-39
74,-63,-43
74,-70,-57
70,-54,-62
55,-17,-83
-20,20,-128
-128,-2,-128
-128,-88,-128
-128,-117,-40
-128,-66,104
-57,-19,-41
-48,-57,16
-31,-29,-52
-53,-27,-48
-43,-31,-63
-50,-34,-63
-34,-25,-52
-16,-35,-40
3,-38,-26
16,-41,-21
31,-52,-16
35,-67,-18
13,-64,-19
-5,-118,-30
9,-104,-30
1,-93,-29
11,-120,-37
-15,-87,-27
-2,-44,-25
-2,-32,-23
10,-101,-17
-5,-48,-8
-12,-58,2
-17,-53,2
-20,-48,-1
-17,-44,-5
-13,-45,-5
-13,-47,-6
-13,-49,-7
-14,-49,-9
-15,-48,-10
-15,-47,-9
-16,-47,-7
-15,-47,-4
-14,-48,-3
-13,-48,-3
-13,-48,-4
-15,-48,-4
-15,-47,-5
-14,-47,-5
-13,-47,-6
-14,-48,-5
-14,-47,-5
-13,-47,-4
-14,-47,-4
-14,-47,-4
-13,-47,-5
-15,-47,-4
-15,-48,-5
-14,-47,-5
-14,-47,-4
-14,-47,-4
-14,-47,-4
-14,-47,-4
-14,-47,-4
-15,-48,-5
-13,-48,-5
-13,-48,-5
-13,-49,-4
-8,-47,-6
-9,-48,-6
-8,-50,-6
-12,-49,-6
-12,-53,-7
-13,-48,-6
-15,-47,-6
-15,-49,-5
-14,-49,-6
-17,-47,-4
-17,-46,-5
-17,-46,-5
-17,-45,-4
-18,-42,-4
-19,-43,-4
-19,-44,-3
-18,-43,-3
-19,-45,-3
-17,-46,-2
-17,-46,-2
-17,-48,-3
-15,-45,-3
-14,-48,-4
-15,-47,-4
-14,-48,-4
-15,-46,-5
-14,-48,-4
-15,-47,-4
-15,-49,-4
-15,-50,-4
-14,-49,-3
-12,-49,-3
-12,-49,-4
-11,-48,-3
-12,-46,-4
-12,-49,-4
-16,-50,-1
-9,-46,-3
-14,-47,-3
-15,-47,-2
-14,-49,-2
-13,-46,-1
-13,-49,0
-32,-58,32
-19,-50,7
4,-47,-20
1,-55,-11
-14,-35,15
-13,-38,10
-5,-41,3
-11,-38,7
-12,-41,6
-10,-42,2
-11,-48,4
-15,-45,6
-17,-43,0
-5,-48,-14
-17,-55,9
-17,-45,-6
-13,-54,-9
-14,-48,-10
-14,-50,-10
-15,-49,-12
-19,-52,-11
-17,-48,-13
-19,-50,-14
-22,-54,-11
-22,-61,-10
-26,-65,-8
-27,-58,-3
-23,-57,-10
-21,-50,-6
-22,-47,-4
-17,-46,5
-15,-44,6
-16,-38,7
-13,-36,9
-10,-35,10
-9,-33,11
-8,-31,14
-10,-29,13
-9,-35,13
-10,-34,14
-11,-35,14
-7,-35,14
-7,-33,13
-5,-34,12
0,-37,10
10,-48,7
36,-63,-2
69,-72,-15
106,-68,-28
113,-53,-39
99,-55,-46
77,-78,-50
68,-67,-57
28,-85,-55
3,-114,-32
30,43,-91
-114,34,-128
-124,-128,-128
-126,-128,-9
-128,-12,73
-64,-17,3
2,-40,-40
9,-45,-22
-17,-25,-21
-19,-41,-26
-17,-42,-26
-10,-37,-33
-12,-38,-27
-15,-32,-19
-9,-40,-15
-2,-37,-11
-2,-38,-7
9,-56,-6
23,-72,-6
18,-72,-9
7,-87,-7
1,-89,-16
11,-100,-22
24,-95,-24
26,-87,-27
24,-83,-23
9,-54,-16
-1,-48,-10
-7,-48,-6
-11,-51,-4
-15,-51,-2
-14,-51,-2
-17,-47,0
-20,-42,1
-19,-42,0
-21,-40,0
-22,-40,1
-24,-45,1
-25,-47,0
-24,-46,-1
-20,-47,-2
-20,-47,-2
-18,-48,-3
-16,-47,-3
-13,-47,-3
-11,-51,-3
-3,-58,-4
10,-67,-8
2,-70,-7
-4,-73,-10
-2,-86,-15
1,-91,-19
-2,-75,-18
6,-75,-14
6,-79,-12
-6,-69,-9
9,-49,-6
12,-26,-12
5,-39,-18
-5,-68,-25
-24,-35,-43
-35,-34,-69
-80,-47,-81
-63,-104,-42
-95,-90,4
-120,49,36
-63,15,20
-34,-23,6
-11,-27,-15
-12,-31,-6
-45,-15,1
-73,-16,12
-70,-28,-16
-66,-35,-26
-54,-31,-30
-49,-35,-20
-18,-41,-9
-18,-50,-4
-9,-52,-3
-2,-73,-8
17,-95,-12
32,-79,-16
37,-76,-19
13,-88,-11
8,-84,-12
2,-72,-13
-1,-64,-13
-4,-50,-11
-6,-43,-9
-7,-44,-8
-11,-45,-4
-14,-49,-1
-16,-48,1
-16,-45,3
-9,-39,4
-13,-35,-2
-27,-59,2
-20,-49,-1
-13,-50,-10
-20,-59,-6
-11,-57,-14
-10,-52,-16
-12,-47,-12
-11,-47,-13
-12,-49,-10
-14,-49,-8
-13,-49,-5
-12,-49,-4
-11,-48,-4
-12,-50,-2
-10,-48,-4
-8,-48,-2
-9,-48,-2
-10,-49,-2
-9,-48,-2
-9,-48,-1
-11,-48,0
-11,-49,-1
-10,-48,0
-10,-48,0
-10,-48,-1
-10,-48,-1
-10,-48,0
-11,-48,0
-11,-47,-1
-10,-48,0
-11,-48,0
-10,-48,0
-11,-47,0
-11,-47,0
-11,-47,0
-12,-48,1
-11,-47,0
-11,-48,1
-11,-47,0
-12,-47,1
-12,-47,1
-12,-47,1
-12,-47,1
-12,-47,1
-12,-47,0
-12,-47,1
-12,-47,1
-12,-47,1
-13,-47,1
-13,-47,1
-13,-47,0
-12,-47,1
-12,-47,1
-12,-47,1
-12,-47,1
-13,-47,1
-13,-47,1
-13,-46,1
-13,-47,2
-14,-47,1
-13,-47,1
-14,-47,1
-14,-46,1
-13,-46,1
-14,-46,1
-14,-47,1
-14,-46,1
-14,-47,1
-14,-46,1
-14,-46,1
-15,-46,1
-15,-46,1
-14,-46,1
-14,-46,1
-14,-46,1
-14,-47,2
-14,-46,1
-16,-47,2
-16,-48,2
-15,-49,-1
-10,-55,-6
12,-71,-21
12,-89,-21
14,-94,-33
15,-108,-45
24,-93,-53
35,-59,-59
55,-51,-53
86,-79,-54
125,-75,-113
98,-30,-128
-82,-56,-128
-128,-63,-128
-128,-128,-109
-128,-117,112
-122,-6,88
-41,-28,-53
-24,-17,-17
-69,-33,23
-39,-37,-32
-22,-45,-42
-39,-61,-7
-29,-67,-10
-15,-59,-4
-4,-49,-3
3,-50,0
-1,-45,-1
13,-50,-1
36,-79,-13
26,-58,-9
4,-59,-16
-4,-95,-18
18,-93,-29
7,-93,-15
-4,-73,-10
-14,-63,-4
-19,-58,4
-16,-55,7
-15,-80,17
-22,-45,19
-16,-49,13
-15,-51,13
-15,-49,8
-21,-45,4
-29,-41,9
-23,-41,7
-27,-48,10
-16,-31,-6
-13,-19,3
-35,-44,25
-19,-19,17
-15,-27,12
-22,-29,12
-11,-7,7
-32,-27,30
-26,-26,24
-36,-22,28
-34,-22,20
-27,-30,18
-28,-29,16
-35,-37,21
-28,-31,19
-32,-29,24
-29,-28,23
-21,-23,17
-19,-9,-7
-21,-29,2
-38,-58,55
-49,-17,41
-44,-28,40
-17,-24,21
-10,-18,22
-4,-29,21
-6,-20,19
9,-6,31
-4,-13,31
-4,-23,32
-9,-23,25
-11,-26,27
-10,-28,32
-13,-32,32
-15,-36,33
-18,-39,35
-18,-41,27
-14,-31,26
-13,-33,28
3,-27,20
-5,-28,27
3,-24,27
-5,-26,32
-3,-24,33
-6,-24,34
-4,-29,31
-2,-33,29
0,-33,26
-1,-32,27
0,-33,26
1,-34,26
2,-34,25
3,-35,24
3,-35,24
1,-35,26
-4,-32,32
-6,-32,34
-7,-32,35
-7,-31,38
-1,-32,30
-1,-32,29
-2,-29,28
0,-27,26
-1,-27,26
-2,-25,29
-1,-27,29
-1,-28,30
-1,-28,31
-1,-28,32
-1,-27,31
-1,-28,31
-1,-28,32
-2,-29,32
-2,-28,31
-2,-29,31
-3,-27,31
-2,-28,30
-3,-28,31
-2,-28,31
-3,-28,31
-3,-29,31
-2,-28,31
-3,-29,32
-2,-30,31
-2,-29,31
-3,-30,31
-3,-30,30
-3,-29,30
-2,-27,32
-5,-25,38
-7,-23,39
-6,-25,41
-5,-25,40
-10,-24,47
-13,-21,52
-16,-12,58
-27,-11,70
-36,-14,74
-38,-9,65
-26,-7,51
-22,-13,48
-17,-23,34
-6,-35,18
5,-28,-1
3,-9,-14
-20,-2,-9
-34,-45,9
-39,-56,20
-57,-46,30
-32,-43,15
-26,-52,21
-22,-48,53
-2,-57,67
2,-54,48
0,-28,27
-6,-16,28
-8,-15,31
-9,-29,33
-14,-23,35
-19,-21,39
-22,-27,39
-26,-26,37
-29,-23,35
-24,-17,29
-23,-13,34
-21,-9,34
-17,-12,30
-13,-16,26
-15,-10,27
-15,0,30
-9,-3,23
-11,-7,21
-13,-2,28
-13,0,32
-19,-2,39
-22,1,46
-22,-3,50
-20,-6,49
-19,-5,49
-17,-11,48
-16,-16,48
-13,-9,45
-11,-6,46
-10,-8,43
-8,-13,40
-6,-15,38
-5,-11,37
-4,-10,38
-2,-19,36
0,-20,34
1,-17,35
-2,-16,37
-2,-16,37
-2,-15,35
-2,-15,35
-2,-16,37
-4,-17,38
-4,-19,37
-5,-19,36
-4,-18,35
-4,-18,35
-3,-17,34
-3,-16,35
-2,-16,35
-1,-18,34
-1,-17,33
0,-16,32
0,-15,30
0,-16,29
2,-20,25
1,-26,30
-7,-26,45
-9,-23,49
-9,-22,45
-8,-21,39
-8,-19,35
-7,-18,34
-6,-19,35
-5,-23,36
-4,-26,37
-4,-25,37
-6,-22,36
-6,-21,35
-7,-20,35
-6,-20,36
-8,-22,37
-2,-18,33
-2,-18,34
-3,-19,36
0,-21,35
2,-22,36
2,-19,36
3,-18,35
3,-20,35
4,-19,35
4,-21,37
4,-19,37
4,-18,37
4,-19,36
4,-20,35
5,-18,35
5,-17,36
4,-18,36
6,-20,36
6,-19,35
6,-18,35
5,-18,35
5,-20,36
6,-20,37
5,-19,38
5,-19,38
5,-19,36
3,-18,36
3,-15,36
3,-15,36
4,-17,36
4,-17,36
4,-18,37
3,-17,37
4,-18,38
4,-17,37
3,-18,38
4,-17,37
4,-16,36
4,-15,37
1,-17,38
3,-16,36
3,-15,37
2,-15,37
3,-16,36
3,-16,37
3,-15,37
3,-16,38
2,-16,38
3,-16,37
3,-15,37
3,-14,37
2,-14,38
1,-13,39
1,-15,37
1,-19,37
2,-17,36
2,-16,35
2,-16,36
2,-16,36
1,-17,36
0,-14,37
-5,-9,41
-13,-1,51
-28,13,65
-39,15,72
-47,10,71
-51,7,65
-45,-3,48
-34,-14,35
-24,-22,31
-20,-27,32
-19,-24,40
-22,-18,43
-20,-13,34
-18,-7,25
-22,4,23
-29,8,23
-34,-1,24
-34,-14,24
-29,-35,27
-18,-39,36
-12,-40,41
-4,-37,42
-1,-20,41
2,-4,36
2,8,38
4,8,41
1,8,48
0,2,54
0,-12,61
-7,-30,65
-10,-31,62
-19,-28,54
-25,-22,47
-31,-20,44
-30,-12,35
-32,-3,33
-29,4,29
-28,8,34
-33,-5,40
-29,-12,29
-22,-13,23
-24,-5,20
-25,5,26
-28,7,32
-31,8,37
-34,7,49
-33,15,53
-32,9,52
-32,8,52
-32,12,52
-32,11,56
-27,6,53
-18,-1,48
-8,-8,41
-2,-12,38
5,-12,36
9,-17,36
10,-15,36
8,-11,37
6,-11,37
5,-10,38
3,-9,39
3,-9,38
0,-11,39
0,-12,44
-1,-13,45
1,-16,41
5,-12,37
5,-9,35
5,-11,34
4,-11,34
4,-11,36
5,-12,37
4,-16,39
3,-12,41
0,-10,41
-1,-9,41
0,-10,38
2,-11,37
2,-9,36
2,-8,37
0,-11,39
-1,-9,40
-1,-12,40
0,-11,39
0,-10,40
-1,-10,39
0,-11,38
1,-12,37
1,-10,39
0,-7,38
-1,-9,39
-2,-8,41
-1,-8,40
1,-10,38
2,-9,36
0,-9,38
0,-9,39
-1,-9,39
0,-9,38
-1,-11,39
2,-10,38
2,-12,38
1,-7,39
1,-7,39
-1,-7,40
0,-7,40
0,-8,40
0,-8,39
0,-9,40
0,-9,42
0,-9,42
1,-9,40
1,-8,38
1,-7,37
2,-8,36
2,-8,36
2,-9,38
3,-9,37
2,-8,37
2,-9,38
2,-10,40
2,-10,41
2,-9,40
1,-8,40
1,-8,40
0,-8,40
0,-8,40
1,-9,38
2,-10,37
1,-9,37
1,-10,37
2,-11,37
2,-12,39
1,-11,40
0,-10,40
1,-10,39
1,-9,38
1,-10,38
2,-11,39
2,-10,39
2,-11,39
2,-11,38
1,-9,39
-2,-4,44
-8,10,47
-15,15,50
-19,11,48
-21,10,47
-22,13,47
-24,5,44
-26,0,46
-23,7,43
-27,7,38
-34,5,41
-31,9,47
-25,21,43
-22,26,33
-22,28,28
-22,22,27
-28,23,27
-38,27,19
-44,25,9
-54,15,11
-67,7,28
-67,4,50
-32,8,64
-10,1,68
-12,-46,61
-19,-43,59
-16,-6,54
-7,10,42
-3,13,39
-5,9,47
-5,7,51
-7,2,55
-8,-7,55
-12,-12,53
-15,-7,50
-18,-3,46
-20,1,42
-26,2,40
-29,0,37
-23,1,30
-24,7,28
-20,14,29
-18,10,32
-17,8,31
-18,13,32
-20,16,35
-21,11,37
-18,7,34
-28,24,40
-30,25,45
-27,10,41
-28,3,39
-29,11,41
-28,15,39
-25,11,36
-21,16,37
-15,18,40
-9,15,43
-5,22,40
-2,19,36
-3,11,43
0,17,38
-1,21,41
0,19,44
3,16,40
7,9,38
8,8,39
7,9,41
10,8,39
10,4,38
11,4,36
11,5,36
9,3,40
9,4,40
9,3,42
10,3,41
11,4,38
10,6,38
8,6,41
9,6,38
9,5,37
9,2,38
10,3,39
9,2,39
9,3,39
9,4,37
8,4,38
8,6,38
5,9,39
3,8,40
6,2,40
8,1,41
9,3,41
8,1,40
8,2,40
9,1,39
9,-1,38
8,2,39
8,2,38
7,2,39
7,3,40
6,5,39
5,6,41
4,9,41
3,11,41
3,11,40
2,11,40
4,11,39
4,12,40
0,4,45
0,-1,44
1,0,43
1,6,43
-2,8,42
-8,11,44
-11,13,47
-8,12,45
-7,13,41
-10,12,36
-17,14,40
-25,20,44
-23,21,39
-26,30,35
-29,35,33
-30,32,31
-36,30,32
-42,23,33
-49,19,29
-48,10,28
-46,-6,38
-38,-4,48
-32,-6,46
-18,-10,42
-9,2,38
-2,10,38
1,16,41
0,13,46
-2,9,48
-2,7,48
-4,7,51
-4,-1,52
-6,-2,51
-2,1,46
-3,7,45
-3,7,45
-7,4,49
-11,4,47
-14,2,45
-16,5,41
-13,9,39
-16,8,39
-21,3,42
-21,-5,44
-25,-4,44
-27,1,37
-22,5,29
-18,6,31
-14,6,31
-12,8,34
-14,18,37
-13,17,35
-16,10,34
-22,4,38
-28,19,44
-36,19,46
-36,23,45
-28,24,43
-22,18,39
-16,13,41
-10,14,42
-7,12,40
-3,9,36
-3,5,37
-2,6,41
-3,4,44
-2,1,42
-1,-1,40
0,0,39
-1,0,39
-3,0,42
-2,-1,42
-1,-1,41
0,-1,37
-1,-1,34
-2,-1,37
-1,1,39
-1,-1,41
-1,0,40
0,-2,38
0,-1,38
-1,0,39
-2,0,40
-2,1,41
-4,4,42
-6,4,44
-7,7,43
-7,7,42
-6,4,40
-5,1,37
-6,1,37
-11,3,41
-11,9,42
-14,13,43
-17,19,44
-17,27,42
-19,35,39
-26,34,35
-30,23,33
-32,13,30
-22,9,28
-22,11,21
-21,7,19
-13,15,10
-20,27,19
-35,33,32
-41,35,30
-48,40,25
-63,35,25
-71,14,24
-72,-2,30
-59,-5,48
-31,-18,91
-46,-28,67
-18,-45,29
-9,-22,26
-1,-5,31
-7,4,42
-11,5,46
-3,0,40
1,-5,38
-1,-7,40
-4,-2,42
-3,-1,41
0,-3,43
-6,-7,46
-15,-16,44
-26,-22,39
-31,-21,37
-35,-16,40
-42,-8,41
-43,-5,39
-43,-2,40
-46,4,43
-53,9,48
-45,17,43
-33,14,37
-30,7,33
-21,7,26
-11,-2,20
-14,-7,25
-14,-4,31
-11,-4,32
-3,-8,28
-8,-13,27
-15,-9,35
-19,-2,41
-24,0,48
-28,1,53
-22,-4,56
-33,2,60
-12,-13,62
-6,-12,50
-2,-10,44
3,-11,40
4,-15,37
5,-17,35
7,-18,34
8,-16,34
8,-17,35
6,-17,37
6,-19,36
6,-17,37
4,-17,37
3,-19,37
2,-20,35
3,-15,38
0,-14,41
0,-18,38
1,-17,36
1,-17,36
3,-16,35
3,-17,35
3,-18,35
3,-17,35
4,-16,37
2,-19,39
3,-19,38
4,-17,37
4,-19,36
4,-19,36
3,-17,36
3,-18,37
4,-19,38
4,-19,38
5,-18,38
3,-18,39
2,-16,39
2,-18,38
2,-16,38
-1,-14,41
-4,-7,46
-16,10,56
-23,28,60
-30,33,55
-36,15,56
-33,10,47
-31,1,39
-21,3,34
-11,19,27
-33,25,21
-47,5,33
-41,14,43
-31,27,33
-34,31,29
-45,31,24
-48,24,17
-52,23,9
-61,28,10
-67,39,33
-72,16,69
-58,-77,38
-24,-85,40
-24,-15,50
-25,-8,48
-18,-3,37
-5,-1,31
-3,1,36
-7,3,41
-8,2,43
-9,-1,44
-7,-6,42
-7,-6,44
-12,-4,52
-24,-9,68
-18,-16,58
-15,-20,44
-22,-11,45
-24,0,42
-18,4,36
-17,2,33
-16,-1,34
-21,-1,38
-22,-2,33
-15,0,31
-17,-8,34
-20,-6,32
-15,-7,23
-18,-25,18
-8,-26,12
-13,-17,20
-29,-16,44
-29,-5,53
-24,-8,55
-21,-13,61
-21,-11,66
-23,-8,70
-22,-10,74
-12,-10,63
-1,-11,47
10,-13,33
20,-19,23
26,-24,22
20,-19,32
15,-18,42
15,-19,42
16,-19,36
17,-18,34
17,-18,30
15,-16,30
14,-16,32
14,-18,34
16,-19,36
17,-23,35
17,-23,35
17,-21,33
17,-18,32
13,-21,32
12,-22,31
13,-19,34
12,-19,36
14,-21,34
15,-24,34
15,-21,35
15,-20,35
16,-23,34
17,-22,34
16,-20,36
15,-21,37
17,-21,36
16,-19,34
12,-16,36
3,-18,40
-7,-12,48
-13,-7,52
-17,-5,55
-23,3,63
-27,5,79
-32,1,76
-19,-28,46
-12,-27,43
-26,-18,37
-52,-15,31
-35,-11,26
-20,15,25
-31,27,27
-36,22,24
-35,24,28
-50,35,27
-95,48,1
-104,47,-32
-113,-8,21
-128,24,123
-111,-128,29
-45,-127,60
-38,2,81
-38,-5,50
14,8,6
15,17,26
-2,13,50
-7,-1,52
-1,-11,47
-1,-6,49
-3,-3,46
-2,-3,41
-3,-1,44
-5,0,48
-6,-1,47
-6,-6,47
-8,-11,44
-15,-9,49
-18,-4,49
-15,1,44
-15,5,43
-11,6,41
-7,2,40
-6,-4,38
-9,-2,39
-9,-8,38
-3,-22,30
-8,-24,30
-15,-19,32
-15,-8,22
-15,-8,26
-15,-12,30
-21,0,40
-18,-4,52
-16,-5,82
-22,9,81
-21,18,64
-15,24,49
-5,13,41
7,0,32
11,-9,34
10,-6,39
8,-3,44
10,-2,40
9,-3,39
8,-1,40
8,3,40
8,2,41
7,-6,42
11,-9,39
12,-7,39
11,-3,41
8,-2,41
8,-12,40
10,-10,37
10,-5,38
10,-3,40
11,-6,40
13,-9,38
15,-7,36
15,-6,36
15,-6,37
15,-5,38
16,-8,37
18,-8,37
17,-9,40
16,-7,39
17,-6,38
15,-7,37
16,-6,37
16,-6,40
15,-8,39
16,-8,39
16,-8,39
16,-8,38
16,-8,38
16,-7,38
14,-7,37
15,-6,37
14,-8,37
16,-10,38
14,-9,39
15,-7,39
15,-9,39
14,-8,38
13,-6,40
13,-6,39
13,-7,40
15,-8,40
15,-10,41
12,-10,41
12,-9,38
12,-8,36
12,-6,36
11,-7,37
12,-7,38
12,-7,38
13,-7,38
13,-8,39
12,-8,39
13,-8,38
12,-7,37
13,-7,39
11,-6,39
12,-7,38
12,-8,37
14,-8,37
14,-7,38
14,-8,38
14,-8,38
14,-9,38
13,-7,39
12,-7,39
12,-5,39
12,-5,39
12,-6,39
12,-7,40
12,-7,39
13,-6,39
13,-7,38
13,-7,38
13,-6,37
13,-7,37
12,-7,37
12,-6,38
13,-8,37
14,-9,37
14,-9,37
13,-9,37
12,-8,38
12,-6,39
11,-6,40
11,-6,40
12,-6,39
13,-6,39
13,-7,40
13,-8,39
13,-7,38
9,-4,39
5,5,36
4,3,31
-3,5,39
-11,12,55
-18,12,64
-20,16,61
-25,29,61
-32,7,55
-37,-5,51
-35,-3,53
-40,-10,55
-45,-14,58
-49,1,49
-50,23,28
-58,43,12
-72,29,4
-99,-9,13
-126,-19,31
-128,-6,47
-84,37,51
-83,-32,91
1,-128,10
-23,-66,58
-50,10,73
-22,3,54
3,-8,18
11,0,18
-1,7,36
-4,5,44
-9,0,52
0,-10,48
-1,-14,47
-12,-11,55
-14,-16,58
-22,-39,53
-31,-31,37
-39,-33,41
-55,-37,43
-52,-26,36
-54,-17,38
-54,-8,39
-49,-8,32
-53,-5,31
-63,-2,33
-59,10,32
-49,21,34
-50,19,47
-43,10,52
-22,-3,63
-34,13,82
-32,6,78
-12,8,60
-3,-5,54
2,0,45
1,0,39
3,-1,37
6,-9,36
11,-11,36
12,-8,36
11,-8,36
11,-9,36
10,-8,36
6,-2,38
2,-3,40
3,-7,41
3,-6,40
2,-4,40
1,-6,39
-1,-4,40
-2,-4,40
-1,-5,39
3,-7,35
3,-8,36
4,-8,35
3,-6,39
1,-5,44
0,-4,46
2,-6,41
1,-7,39
1,-7,41
0,-8,39
1,-9,39
1,-11,39
1,-10,38
1,-10,39
1,-10,39
1,-10,40
1,-9,40
1,-9,40
0,-9,40
-2,-9,41
-4,-8,41
-5,-5,42
-5,-4,38
-5,-5,38
-1,-9,37
2,-13,36
4,-16,35
6,-16,37
4,-13,38
2,-12,37
0,-9,38
-3,-9,38
-5,-6,41
-7,-6,44
-8,-5,46
-8,-6,52
-7,-5,51
-4,-6,45
0,-8,41
1,-3,43
-5,1,55
-10,15,58
-20,30,65
-45,28,62
-37,-26,47
-12,-42,29
-2,-48,17
0,-52,14
4,-41,17
1,-25,25
-7,2,29
-14,28,29
-19,26,30
-32,16,40
-41,2,46
-45,3,37
-47,-2,20
-54,-13,18
-72,-9,38
-51,-5,49
-50,-25,100
5,-106,77
4,-55,45
-15,9,44
-10,32,35
3,24,25
3,9,34
5,5,43
7,3,43
8,3,42
8,1,43
4,-4,46
1,-3,47
-1,4,45
-4,7,43
-7,4,44
-5,3,37
-5,-1,33
-10,-10,30
-11,-19,27
-8,-24,26
-17,-9,33
-15,9,28
-16,16,32
-14,12,32
-11,9,31
-23,29,43
-23,31,46
-17,16,42
-23,21,48
-29,33,50
-26,30,43
-20,23,36
-20,25,39
-23,34,46
-17,28,48
-6,11,44
3,2,40
6,3,42
2,10,46
-1,8,50
1,4,44
3,2,38
2,0,37
4,0,37
2,2,40
1,4,41
1,5,39
-1,5,39
-1,7,37
-1,7,38
0,7,37
1,4,37
0,5,40
0,6,43
-1,8,42
-1,7,40
0,7,37
1,6,35
2,5,35
2,5,38
0,6,41
1,6,41
0,8,38
0,7,39
1,4,38
4,-4,40
7,-8,43
6,-9,43
4,-7,42
4,-7,39
3,-8,40
4,-6,38
4,-5,37
3,-7,39
4,-5,38
4,-6,39
4,-4,38
5,-5,38
4,-8,44
6,-5,46
8,-7,47
16,-15,39
15,-16,33
9,-19,34
6,-11,28
10,-7,33
14,-1,25
-10,-42,59
0,-19,38
9,-14,13
-1,-60,52
18,-3,23
30,-12,5
14,-65,28
39,-33,-4
50,-44,21
41,-20,0
43,-25,9
42,-32,10
43,-32,9
43,-26,4
45,-27,5
45,-22,11
47,-25,11
45,-16,8
38,-15,14
38,-20,22
36,-20,22
41,-20,21
44,-18,20
52,-16,13
62,-10,12
79,-5,21
68,-9,14
47,-1,18
34,2,19
26,-2,14
34,-4,23
34,-5,28
14,-5,23
52,22,31
41,1,21
36,-16,32
43,-6,25
40,-14,18
52,-15,18
50,-3,20
53,-16,14
54,-18,4
54,-17,16
49,-8,12
51,-2,15
41,-17,9
39,-25,9
50,-8,16
37,11,24
41,12,21
41,12,20
22,17,31
31,25,32
13,4,38
92,-6,10
-14,9,58
31,13,29
29,11,20
45,14,5
58,36,2
37,32,1
35,35,-6
31,27,-9
27,16,-8
49,48,-21
45,39,-7
63,35,-16
67,27,-16
48,25,-13
44,18,-12
44,34,-19
47,29,-20
46,25,-20
68,19,-9
57,14,-5
65,-2,-13
70,-10,11
52,14,4
61,19,-10
45,-6,0
55,-20,2
52,-24,7
52,9,1
57,-6,1
61,11,0
58,13,-2
58,2,-5
55,-9,-8
61,-16,-9
54,-8,-8
49,-7,-7
51,-8,-6
49,-6,-7
56,-7,-6
54,-4,-7
51,-5,-6
50,-10,-7
59,-15,-10
63,-4,-12
60,-1,-10
59,-5,-9
59,-2,-9
63,-1,-10
61,-3,-11
61,-7,-7
52,-14,-2
53,-8,-1
55,-5,2
56,-3,5
56,-4,8
62,0,6
68,-3,5
65,-16,11
59,-16,14
60,1,9
70,27,4
71,34,4
53,4,14
46,-10,16
56,29,6
46,5,0
22,-27,3
51,10,-24
35,7,-30
39,-42,-32
66,3,-40
49,10,-27
22,-12,-12
61,36,-34
35,5,-29
50,14,-44
64,4,-52
63,-11,-49
55,-25,-43
57,-10,-42
54,-9,-38
54,-3,-40
56,0,-41
53,8,-44
49,-4,-44
54,-3,-39
48,14,-28
38,-6,-18
46,-1,-15
44,8,-5
36,11,0
45,0,-4
54,-7,-7
54,5,-6
49,-5,-5
47,-20,1
66,3,2
71,19,7
51,-9,19
70,-6,12
90,19,-3
79,-2,-7
67,-24,-8
63,-16,-9
57,-3,-8
54,0,-8
49,-5,-7
50,-9,-8
49,-9,-10
53,-8,-11
53,-9,-11
55,-11,-12
56,-10,-12
59,-13,-12
59,-13,-11
60,-4,-13
60,-7,-11
59,-9,-11
56,-7,-10
54,-10,-10
53,-15,-9
54,-16,-10
54,-12,-10
54,-11,-10
53,-14,-9
55,-13,-11
55,-13,-11
57,-12,-10
53,-13,-10
52,-16,-10
55,-13,-12
56,-15,-13
59,-12,-18
63,-6,-19
57,-7,-17
60,-8,-17
56,-7,-15
53,-10,-14
56,-8,-15
53,-7,-14
52,-7,-14
51,-11,-13
55,-10,-16
55,-8,-17
52,-10,-20
58,-1,-27
70,22,-33
59,20,-29
57,15,-31
79,27,-25
92,15,-16
100,1,-11
86,-12,5
57,-10,23
49,19,34
42,35,38
41,23,30
22,22,22
-1,31,12
-4,20,-16
-5,1,-52
-27,-46,-105
17,-55,-128
53,-55,-128
18,10,-90
13,47,-64
12,31,-60
25,17,-63
24,11,-61
29,21,-61
35,23,-65
36,12,-66
19,7,-58
25,18,-58
46,-8,-56
33,2,-45
32,22,-37
39,21,-37
37,15,-30
39,18,-22
33,26,-17
40,15,-19
44,13,-16
40,24,-13
38,28,-18
46,11,-22
44,-9,-17
59,0,-21
63,1,-15
59,10,-13
56,8,-14
57,15,-18
62,22,-21
62,22,-24
61,21,-29
63,19,-33
72,13,-37
64,-7,-34
53,-6,-29
50,3,-27
44,-5,-26
54,7,-35
39,8,-14
104,-3,-48
42,-10,-34
54,-6,-28
54,-5,-29
50,-2,-26
53,1,-14
53,-1,-14
53,3,-10
53,3,-10
60,-5,-12
59,-5,-12
60,0,-13
57,2,-8
56,-2,-11
58,-4,-13
60,-2,-12
58,-2,-14
58,-2,-15
58,-3,-14
57,-3,-15
55,-1,-16
57,-3,-16
59,-2,-16
57,-2,-15
57,-1,-16
60,0,-13
58,2,-13
56,1,-14
55,-2,-16
55,-2,-15
55,0,-14
57,0,-13
55,-3,-15
56,-4,-14
56,-3,-15
57,-3,-15
57,-3,-16
56,-3,-16
59,-9,-16
58,-10,-19
62,-6,-19
59,-2,-17
55,-4,-16
52,-9,-13
52,-10,-15
55,-9,-16
55,-8,-17
55,-10,-16
56,-10,-17
57,-9,-17
59,-8,-18
57,-12,-18
56,-10,-17
58,-7,-16
57,-7,-16
55,-7,-16
54,-7,-15
55,-7,-15
54,-6,-14
54,-8,-14
54,-8,-13
55,-10,-14
55,-11,-14
57,-10,-14
57,-10,-16
57,-10,-15
58,-7,-15
62,-4,-15
53,-7,-13
53,-13,-13
53,-11,-13
57,-7,-12
56,-9,-14
57,-9,-14
57,-9,-15
56,-10,-14
57,-8,-13
55,-6,-12
52,-5,-11
52,-7,-14
58,-7,-18
59,-5,-18
56,-4,-17
57,-4,-16
69,2,-19
83,10,-19
82,25,-16
76,36,-7
68,40,-8
77,34,-4
109,13,15
127,-30,49
121,-69,63
-1,-101,66
-31,-24,55
-27,31,8
0,-7,-41
-5,12,-75
14,80,-115
33,49,-127
66,13,-109
22,7,-92
-39,50,-58
-13,86,-62
6,21,-63
-22,21,-73
0,8,-55
9,13,-37
-5,6,-13
9,-17,3
42,-20,20
85,-5,35
41,-25,39
38,-31,41
82,-28,6
124,-42,-9
126,-13,-6
104,14,-6
72,-4,-2
56,-3,-4
55,0,-7
57,7,-11
53,5,-10
44,5,-7
45,2,-7
49,-2,-8
54,-6,-10
54,-10,-10
55,-9,-11
61,-2,-11
58,-6,-9
57,-5,-8
59,-3,-7
60,-5,-7
62,-7,-7
61,-10,-8
60,-9,-8
59,-7,-8
58,-7,-9
62,-6,-9
57,-8,-7
51,-6,-5
51,-5,-4
54,-5,-5
57,-5,-7
58,-5,-6
53,-5,-5
53,-3,-5
56,-6,-4
56,-7,-4
54,-7,-3
54,-4,-1
55,-2,-1
56,0,-2
57,0,-2
55,-2,-2
56,-2,-4
57,-3,-3
57,-2,-3
57,-4,-4
57,-6,-4
57,-6,-5
58,-3,-5
56,-3,-4
55,-4,-5
57,-2,-5
57,-2,-6
55,-3,-6
55,-2,-6
57,-1,-6
60,1,-6
59,0,-5
57,-2,-6
57,-2,-5
59,-1,-7
58,-4,-6
57,-3,-7
57,-2,-6
54,-3,-7
54,-5,-7
53,-5,-7
52,-3,-7
52,-4,-6
54,-5,-7
57,-3,-6
60,-5,-7
60,-5,-7
58,-5,-6
57,-6,-6
56,-7,-6
56,-10,-6
57,-8,-6
57,-4,-5
56,-5,-5
59,-8,-7
59,-8,-7
60,-7,-8
57,-7,-7
54,-7,-7
54,-8,-7
54,-8,-8
54,-12,-9
55,-10,-9
59,-7,-9
60,-7,-8
59,-7,-8
57,-6,-8
57,-6,-8
57,-7,-8
56,-6,-8
56,-6,-8
55,-6,-7
57,-6,-10
58,-4,-11
55,-6,-10
51,-8,-9
52,-8,-10
53,-11,-9
56,-10,-9
60,-7,-8
62,-6,-8
65,-14,-10
64,-14,-11
61,-8,-10
51,5,-1
49,-7,-4
49,-12,-6
51,-13,-5
54,-13,-7
55,-11,-7
57,-8,-7
58,-1,-5
56,-1,-4
55,-1,-4
56,-2,-5
59,0,-6
57,-1,-5
55,-5,-5
55,-4,-5
55,-4,-5
55,-5,-5
57,-4,-4
57,-3,-3
56,-1,-3
57,-3,-3
57,-3,-3
58,-2,-4
57,-3,-4
57,-4,-4
56,-5,-5
57,-4,-4
56,-3,-4
56,-4,-4
57,-4,-3
55,-4,-2
55,-2,-2
56,-3,-3
56,-5,-3
56,-5,-4
56,-5,-4
55,-5,-3
55,-6,-3
56,-6,-4
56,-6,-4
56,-6,-4
54,-6,-3
57,-6,-3
57,-5,-3
59,-4,-4
58,-6,-3
56,-5,-2
55,-4,-2
55,-6,-3
56,-4,-3
55,-5,-2
55,-5,-3
55,-5,-2
56,-5,-3
57,-5,-4
57,-5,-3
56,-4,-3
55,-4,-3
56,-5,-3
56,-4,-3
56,-4,-4
58,-5,-4
57,-4,-3
57,-4,-3
56,-5,-3
56,-4,-3
58,-3,-4
61,0,-4
58,1,-4
56,0,-3
57,1,-4
66,3,-3
73,7,-2
76,-5,-7
66,-2,-34
99,42,-30
94,52,4
57,43,42
106,28,74
92,17,82
50,15,79
-24,57,74
-79,121,54
-120,102,-21
-128,25,-128
-7,-20,-128
127,-17,-116
93,59,-111
-49,81,-128
-124,-12,-123
-95,17,-73
-62,57,-48
-56,23,-27
-44,26,-8
-29,26,17
-10,17,41
4,8,60
3,8,66
-6,3,58
35,-7,33
95,39,12
113,82,12
88,77,-4
74,38,-5
65,36,-5
52,33,-1
42,28,-1
40,27,-3
41,28,-6
39,30,-7
41,31,-7
39,28,-5
40,26,-6
42,28,-3
44,32,-2
44,35,-3
44,32,-2
43,31,-4
43,30,-3
43,32,-2
42,31,-2
44,31,-2
44,29,-1
45,29,-2
44,25,-4
52,27,-7
51,30,-5
48,30,-4
46,26,-4
47,28,-4
49,30,-3
46,30,-3
45,28,-2
45,27,-2
47,27,-2
46,26,-4
47,24,-3
47,25,-4
46,26,-3
48,28,-3
46,28,-2
47,27,-2
48,30,-1
46,27,-1
47,26,-1
46,25,-1
46,24,-1
49,23,-1
49,24,-1
50,23,-3
50,22,-3
50,24,-2
48,24,-1
47,23,-1
48,25,-1
47,24,-1
48,26,-2
46,25,-1
47,26,-3
48,27,-3
48,27,-4
49,26,-4
48,28,-4
47,27,-3
47,26,-4
47,27,-4
47,27,-3
47,27,-4
47,28,-4
47,27,-3
47,27,-4
47,27,-4
47,27,-3
48,27,-4
48,26,-4
49,27,-5
50,27,-4
49,26,-5
49,25,-4
48,25,-4
47,24,-4
48,25,-4
48,24,-3
48,24,-4
50,25,-4
53,27,-4
50,26,-4
50,25,-3
48,23,-3
49,24,-2
49,23,-2
49,24,-2
49,22,-3
48,22,-2
49,22,-2
48,22,-2
48,21,-2
49,20,-2
53,23,-3
54,25,-3
54,24,-2
52,21,-2
52,22,-1
49,20,-1
51,19,-1
55,21,0
57,24,2
60,32,2
50,25,4
44,1,7
48,-4,11
35,0,18
35,2,22
39,1,21
39,0,21
43,5,19
45,7,19
44,5,20
45,4,19
47,5,19
47,5,18
47,5,17
45,4,17
46,5,17
48,7,15
50,5,14
49,3,15
51,5,15
50,5,14
51,4,14
52,4,14
52,4,13
52,4,13
52,4,13
52,4,13
55,6,14
53,6,16
47,9,19
44,8,24
48,8,29
71,8,40
81,0,52
75,-1,53
60,6,63
50,20,63
62,41,96
17,63,127
-50,105,123
-128,-22,-76
-128,-55,-128
-64,127,-128
127,127,-114
100,-41,-122
-17,70,-81
-82,59,-96
-83,41,-79
-71,21,-56
-54,5,-31
-36,-19,0
-10,-36,34
19,-37,60
29,-30,100
10,51,96
38,64,40
94,107,4
84,127,-2
56,94,-3
35,55,-2
29,38,3
25,35,5
25,33,3
32,34,3
32,37,1
34,38,1
35,37,1
38,34,2
35,31,3
33,30,6
32,28,7
34,28,7
37,31,9
36,30,10
37,23,10
39,17,11
39,25,9
45,27,10
49,23,7
52,24,4
54,25,4
51,26,4
48,28,3
46,29,3
43,23,4
44,27,4
43,25,4
43,23,4
44,23,4
44,26,6
43,31,7
42,34,6
42,33,7
43,32,7
45,29,6
46,28,5
46,24,4
47,21,2
50,25,1
49,27,-1
48,27,-2
46,26,0
47,26,3
43,22,6
49,25,6
43,21,6
52,17,4
54,22,2
51,19,0
48,21,0
45,22,2
47,22,0
48,24,-1
48,23,-1
48,23,1
50,25,1
50,27,1
50,25,1
49,23,1
47,21,2
48,20,1
49,22,2
49,22,2
49,22,3
49,21,2
50,22,1
49,22,2
48,23,2
48,22,3
49,21,1
49,20,1
50,20,1
50,18,1
51,18,1
51,19,1
52,20,0
53,19,-1
53,19,-2
51,20,0
51,21,0
51,21,0
50,22,0
49,23,1
49,23,1
47,23,0
48,25,0
49,28,-2
49,32,-1
47,31,-2
49,36,-2
48,38,-4
51,37,-7
58,36,-6
68,38,7
66,41,24
61,43,41
60,42,52
74,27,57
74,25,64
59,21,75
32,25,75
12,18,57
-24,2,28
-52,0,-32
-25,24,-93
-2,55,-128
92,110,-68
113,23,-27
55,4,-26
25,33,-21
9,31,-14
-4,21,-2
7,26,11
11,28,18
22,34,21
20,42,15
26,45,20
16,54,14
22,48,11
25,40,10
17,40,2
18,30,-1
24,24,5
19,27,13
19,19,16
33,18,13
49,23,14
56,28,14
76,33,16
80,35,23
66,25,24
54,31,24
54,36,12
69,40,0
72,36,-4
58,27,-6
54,25,-8
50,29,-6
45,26,-7
43,20,-7
43,19,-6
45,26,-4
44,25,-2
47,23,-4
50,26,-5
51,26,-5
49,25,-5
48,26,-4
47,27,-2
46,26,-2
46,26,-3
47,26,-3
51,26,-3
48,28,-1
45,35,0
46,27,-2
48,22,-4
52,21,-5
53,21,-6
53,22,-5
51,22,-4
50,20,-4
51,23,-4
50,24,-4
49,27,-2
47,26,-1
48,25,0
49,27,1
51,30,4
51,33,4
55,32,7
61,34,13
61,43,24
58,39,38
59,39,48
51,64,49
43,85,52
34,86,39
-12,57,-18
-57,36,-98
-20,12,-128
40,57,-88
98,60,-38
95,22,-36
32,33,-24
15,43,-28
8,39,-30
0,36,-33
-1,23,-21
-7,38,-21
7,26,-19
13,23,-10
17,25,3
25,31,10
40,19,22
49,34,20
59,34,22
63,37,21
72,47,16
71,52,10
70,38,4
70,27,-6
74,25,-11
69,27,-11
65,22,-14
61,16,-17
62,14,-19
60,15,-19
56,16,-18
51,18,-16
50,20,-16
48,19,-14
45,21,-13
46,20,-13
44,20,-13
43,19,-12
45,18,-13
47,18,-13
46,17,-14
51,19,-14
52,18,-15
55,19,-15
55,20,-15
56,21,-15
56,22,-16
56,20,-17
54,20,-16
54,19,-15
52,18,-14
53,20,-14
54,19,-14
54,18,-15
54,18,-16
53,18,-16
53,19,-17
53,19,-16
51,20,-17
52,21,-17
53,20,-18
53,19,-20
54,21,-22
55,22,-20
53,24,-17
52,26,-14
51,26,-11
51,22,-10
51,16,-10
50,11,-11
50,8,-14
53,9,-16
53,9,-17
51,9,-16
50,12,-15
50,15,-13
49,17,-13
50,18,-13
53,21,-14
54,21,-14
54,20,-15
54,21,-15
54,21,-14
53,21,-14
53,19,-14
52,18,-13
52,19,-14
52,17,-14
52,17,-13
51,17,-14
53,18,-14
54,18,-14
54,19,-14
61,24,-14
54,19,-13
50,15,-13
51,18,-12
50,18,-11
51,18,-12
52,17,-13
53,17,-12
54,18,-12
53,17,-11
55,18,-9
59,19,-6
66,11,1
96,2,9
126,11,22
120,37,18
80,35,26
34,47,30
19,42,41
-7,44,36
-37,47,-7
-67,28,-61
-72,25,-119
25,21,-116
84,28,-79
104,46,-56
44,54,-63
4,41,-79
-12,14,-73
0,17,-45
12,29,-13
30,7,13
56,6,7
121,16,-5
127,-2,-31
127,8,-40
107,-31,-23
100,-19,-29
75,-5,-21
46,1,-16
37,-11,-17
37,-11,-24
47,-9,-33
51,-11,-37
49,-8,-35
46,-5,-31
49,-4,-30
50,-4,-30
52,-2,-30
52,-1,-31
52,-1,-31
52,-3,-30
51,-2,-27
52,-4,-27
55,-4,-25
56,-4,-26
55,-6,-25
54,-5,-26
54,-6,-26
55,-6,-26
55,-6,-27
51,-9,-25
49,-10,-25
46,-13,-26
34,-31,-33
16,-78,-57
41,-58,-72
70,-9,-48
39,-9,-34
4,-51,-41
41,-21,-42
54,-13,-40
40,-24,-37
30,-31,-39
31,-34,-41
31,-34,-42
27,-36,-42
24,-40,-42
24,-40,-42
25,-37,-40
25,-35,-39
26,-35,-40
26,-32,-39
28,-30,-40
30,-30,-43
31,-32,-44
36,-30,-46
39,-26,-47
38,-21,-45
42,-19,-45
41,-21,-44
38,-20,-42
43,-15,-41
43,-10,-39
46,-7,-38
42,-7,-37
36,-9,-34
36,-7,-33
32,-3,-31
20,-3,-33
3,-8,-44
-8,-10,-57
27,16,-68
83,-39,-99
30,-36,-79
9,-49,-61
26,-26,-56
40,-20,-53
38,-9,-52
27,-14,-55
19,-24,-58
17,-25,-58
17,-21,-57
17,-17,-56
16,-20,-54
14,-23,-53
15,-21,-53
15,-19,-52
19,-19,-52
19,-20,-52
19,-20,-52
21,-23,-52
21,-23,-52
21,-23,-50
20,-24,-49
20,-25,-49
20,-25,-48
22,-24,-47
22,-24,-47
24,-25,-46
25,-25,-47
25,-25,-47
25,-25,-47
25,-25,-47
25,-24,-47
27,-22,-47
29,-19,-46
29,-17,-46
30,-17,-46
30,-19,-45
29,-22,-46
29,-21,-47
30,-22,-47
29,-25,-48
29,-26,-48
28,-26,-47
27,-28,-47
26,-30,-48
21,-37,-49
14,-45,-50
18,-40,-52
26,-32,-49
21,-32,-43
15,-37,-41
23,-30,-39
26,-22,-37
28,-26,-38
31,-24,-39
32,-26,-40
31,-25,-39
32,-27,-41
28,-32,-42
28,-26,-42
31,-22,-45
22,-39,-47
19,-44,-47
23,-32,-46
26,-29,-45
22,-34,-44
19,-37,-44
18,-37,-44
17,-38,-44
20,-33,-43
21,-33,-44
20,-35,-44
19,-36,-45
20,-38,-45
23,-34,-42
22,-31,-40
22,-32,-40
22,-31,-40
23,-33,-40
24,-32,-41
24,-33,-41
24,-33,-41
24,-33,-42
24,-32,-42
24,-32,-42
21,-34,-44
23,-32,-44
25,-29,-45
26,-28,-46
25,-31,-46
22,-31,-47
25,-27,-47
28,-22,-47
24,-21,-46
21,-24,-47
23,-21,-48
21,-20,-50
16,-25,-52
16,-26,-53
17,-23,-54
20,-22,-55
17,-22,-56
13,-22,-57
13,-21,-53
15,-16,-52
15,-15,-52
12,-17,-52
12,-14,-53
15,-13,-54
13,-15,-56
13,-15,-58
13,-14,-58
13,-13,-58
11,-15,-58
11,-13,-58
10,-13,-57
8,-13,-57
9,-10,-58
7,-13,-59
4,-13,-60
4,-13,-59
6,-11,-59
7,-12,-59
5,-10,-59
7,-11,-58
6,-9,-58
5,-10,-58
5,-8,-57
5,-7,-57
4,-5,-57
6,-6,-58
5,-6,-59
6,-5,-59
7,-7,-59
6,-8,-57
5,-2,-55
2,-11,-56
4,-7,-58
2,-6,-60
3,-9,-60
3,-8,-61
4,-5,-62
5,-5,-62
5,-6,-60
7,-4,-56
5,-4,-54
3,-3,-53
4,-5,-55
5,-4,-57
2,-2,-57
3,-5,-59
4,-1,-60
5,-1,-61
5,0,-59
7,3,-59
7,3,-60
9,5,-60
13,9,-61
7,10,-58
5,16,-58
7,16,-57
8,22,-55
9,23,-53
12,21,-53
13,24,-55
12,21,-55
8,14,-57
11,7,-61
20,4,-66
29,0,-70
31,-2,-65
28,5,-59
27,-4,-59
24,-5,-57
18,14,-52
14,6,-48
15,-6,-47
18,23,-48
28,34,-43
32,22,-43
33,18,-47
32,17,-50
35,19,-53
37,19,-54
32,12,-56
30,19,-56
27,18,-52
23,15,-51
20,11,-50
15,17,-50
13,16,-54
11,16,-56
11,17,-55
20,20,-59
30,19,-63
26,16,-62
19,20,-56
17,21,-51
16,24,-46
10,23,-42
7,20,-43
5,21,-48
23,12,-60
27,15,-62
26,15,-63
30,4,-66
36,2,-68
39,7,-70
35,10,-68
35,-1,-64
30,16,-60
37,32,-53
43,20,-46
47,16,-41
48,22,-36
47,32,-31
41,24,-23
41,19,-13
32,34,-9
30,37,-4
-7,48,-10
-12,37,4
16,51,6
17,51,2
20,47,8
13,43,13
10,46,14
12,35,15
15,37,15
17,36,15
17,32,13
20,28,12
30,27,12
37,29,12
37,30,16
40,25,19
35,11,27
42,7,33
65,8,31
79,-4,34
92,-6,29
81,-16,25
64,-10,30
55,1,37
31,7,51
6,22,66
-16,28,73
-6,47,42
-14,61,-1
-39,47,-56
-37,79,-81
33,77,-57
73,55,-47
38,63,-41
6,99,-55
-13,80,-65
-18,43,-53
-2,21,-22
1,14,15
-2,-10,50
-8,-26,56
42,-16,54
96,17,37
127,22,56
73,52,58
47,34,40
56,17,22
51,9,6
49,-5,1
43,-4,2
43,12,2
48,23,2
49,25,1
52,26,0
50,32,1
44,31,4
51,32,2
52,33,3
54,35,3
61,39,3
61,68,8
54,80,18
50,50,33
47,14,52
58,-3,59
60,-11,60
32,5,68
12,27,64
-4,28,32
-18,23,1
-28,22,-36
-26,0,-90
28,66,-116
16,53,-111
-4,53,-114
-9,51,-102
-19,63,-92
-18,52,-74
-27,36,-61
-27,0,-30
-32,-18,18
-50,-19,48
-2,-75,53
58,-54,61
122,21,59
109,53,55
52,43,45
39,28,41
37,35,31
35,28,24
37,23,17
37,18,12
41,13,9
45,12,7
44,11,7
42,15,7
40,15,10
44,13,13
53,17,19
72,26,30
78,39,40
50,19,55
35,2,58
44,-2,50
48,-16,40
51,-22,30
58,-12,32
70,-20,52
8,-54,41
-50,-30,27
-126,42,16
-111,102,-63
-83,124,-106
-14,127,-115
26,64,-117
-26,-35,-128
2,70,-119
-53,60,-100
-52,-9,-93
-14,4,-62
-11,5,-11
-18,18,38
6,16,59
14,-9,52
39,-31,53
82,19,44
102,62,33
83,46,36
56,32,34
50,26,28
54,19,22
59,11,18
67,13,14
55,71,-5
59,9,17
45,17,-6
52,2,0
39,2,-3
32,4,-1
36,5,1
47,13,2
53,19,4
51,15,8
50,13,9
56,15,9
60,15,8
58,11,8
54,12,9
52,16,10
52,14,8
55,15,7
52,16,7
49,16,6
46,11,5
50,9,4
50,8,3
51,8,4
53,7,5
56,5,4
57,4,4
55,5,4
56,4,5
54,5,5
54,6,4
54,6,2
52,5,2
52,8,2
47,10,3
48,9,3
52,15,4
55,19,5
56,21,6
57,22,6
54,22,7
53,21,7
58,21,5
58,19,4
48,13,5
44,11,4
46,14,4
48,16,4
51,15,3
51,12,2
52,10,3
53,10,5
53,11,7
53,11,7
52,13,7
48,11,7
49,12,6
50,13,6
51,14,6
51,15,5
51,13,5
52,11,5
52,11,6
51,12,6
51,12,6
53,12,5
54,14,6
52,14,6
51,14,7
53,14,6
52,13,6
52,13,6
52,12,6
54,13,6
54,12,6
53,11,7
53,11,7
51,10,6
51,9,6
51,10,5
50,10,5
51,10,5
53,11,5
53,9,6
53,11,5
52,11,6
53,13,5
52,13,5
51,12,5
50,12,6
54,15,4
51,18,5
50,12,6
53,13,5
53,15,5
54,13,5
54,12,6
53,15,6
53,16,6
52,15,7
52,15,6
54,18,7
58,29,11
52,32,16
47,32,21
44,25,24
46,24,21
55,38,19
66,63,9
92,11,27
119,-10,35
127,10,59
112,-13,49
41,-36,39
-28,-9,20
-53,32,-15
-49,51,-57
-38,68,-108
-8,75,-127
52,82,-94
18,69,-113
-53,59,-110
-63,50,-71
-59,2,-29
-32,-23,16
-21,-35,60
-25,-30,78
-59,-52,79
-57,-69,73
67,-38,40
127,95,-1
101,98,15
90,8,19
83,-9,15
63,-1,8
53,-4,8
49,-6,6
48,-7,4
51,-5,2
51,-2,3
51,1,3
51,4,5
48,2,5
50,2,5
52,10,4
49,6,6
45,2,6
43,-1,5
45,-4,4
50,0,3
55,6,1
56,6,2
54,4,3
54,4,3
59,10,2
62,14,1
63,11,2
60,12,-1
60,11,1
57,11,-1
55,8,-1
54,6,-2
52,5,-3
51,4,-4
53,4,-5
54,4,-6
56,7,-6
57,9,-6
59,11,-6
57,9,-6
58,8,-6
59,9,-6
62,10,-6
66,10,-9
67,6,-8
70,1,-13
55,13,-7
67,40,-5
75,50,1
73,59,-13
59,17,5
75,19,7
82,17,25
63,-26,56
41,-50,70
14,-6,77
-31,46,71
-58,45,23
-60,39,-54
-11,7,-104
-25,32,-117
7,82,-128
127,18,-91
100,6,-104
-21,37,-99
-23,40,-96
-23,-9,-89
-9,17,-60
-18,18,-20
0,28,15
18,39,46
46,57,77
74,111,71
50,49,31
104,-75,26
79,-33,30
72,-1,18
47,-10,11
46,-3,8
45,-3,6
49,-4,5
52,-1,2
55,-9,-2
55,-16,-3
45,-8,0
42,-6,2
57,-1,-5
54,-7,-4
53,-3,-2
73,25,0
75,25,-7
52,-5,5
44,16,17
51,33,10
54,19,6
53,13,7
46,21,6
50,29,14
47,24,6
52,23,8
52,20,12
49,19,10
46,15,15
43,11,18
38,9,27
44,10,41
27,18,18
26,6,36
17,20,22
6,18,30
8,12,41
8,12,35
8,19,30
7,15,37
7,8,42
5,9,40
7,8,37
6,9,46
20,6,33
18,16,19
6,20,26
3,2,52
18,12,53
14,2,30
17,-6,32
24,-8,35
23,-4,35
26,-9,34
18,-9,32
17,-22,30
15,-19,32
24,-7,34
27,-18,31
17,-23,32
22,-25,38
24,-27,45
28,-20,36
26,-21,38
20,-18,38
20,-18,36
15,-16,32
17,-7,36
12,-5,35
10,-8,38
11,-12,35
11,-12,36
12,-12,37
12,-12,35
14,-11,34
13,-12,34
12,-14,36
10,-15,41
8,-12,41
9,-9,39
7,-7,38
8,-4,36
9,-4,35
10,-6,37
7,-15,46
6,-8,49
9,-4,46
11,-1,41
11,3,39
10,2,38
8,1,40
4,-1,43
4,-3,43
4,-1,42
4,-1,38
4,0,36
3,-1,35
3,-1,35
2,0,38
1,1,39
2,-1,38
3,0,38
3,1,39
3,0,39
3,-1,39
4,-2,39
4,-2,40
4,-4,41
4,-5,40
4,-5,41
3,-6,42
3,-6,42
3,-6,41
3,-5,40
3,-6,39
3,-6,40
2,-6,40
3,-5,39
2,-6,39
2,-5,38
2,-6,39
2,-5,39
1,-4,39
1,-4,40
2,-4,40
0,-4,41
0,-5,41
0,-3,40
0,-4,39
1,-4,40
1,-6,37
1,-6,38
1,-7,38
2,-7,38
1,-7,39
1,-6,40
1,-6,41
0,-6,42
0,-5,42
-1,-4,42
-1,-4,40
-1,-4,39
0,-4,38
1,-6,37
0,-6,38
0,-7,38
1,-7,39
1,-7,40
0,-7,40
1,-7,40
0,-6,40
-1,-6,41
0,-5,39
-1,-5,39
0,-5,39
-1,-5,40
0,-6,39
0,-6,38
0,-6,40
0,-7,39
0,-7,39
0,-6,39
0,-6,39
0,-6,38
0,-6,39
0,-6,39
0,-6,40
0,-7,40
0,-6,41
-1,-6,40
0,-6,40
-1,-5,40
-1,-5,39
-1,-6,39
0,-6,39
0,-7,38
0,-7,38
0,-6,39
-1,-6,40
-1,-7,39
0,-6,40
-1,-6,40
-1,-6,39
0,-6,40
0,-6,39
0,-6,39
0,-6,39
0,-7,39
0,-8,39
0,-7,40
-1,-7,40
-1,-6,40
-2,-6,39
-1,-6,40
-1,-6,39
-1,-5,39
-1,-6,38
-1,-6,39
-1,-7,38
-1,-7,39
-1,-7,39
-1,-6,39
-1,-7,40
-1,-6,39
-1,-6,39
-1,-7,40
-1,-7,40
-1,-7,39
-1,-7,39
-1,-7,39
-2,-7,40
-2,-7,40
-1,-6,39
-1,-6,39
-2,-5,39
-1,-6,38
-1,-7,38
-1,-7,39
-1,-7,39
-1,-7,39
-1,-8,39
-2,-7,40
-1,-6,39
-2,-7,40
-2,-6,40
-2,-6,39
-1,-6,39
-1,-7,39
-1,-7,38
-1,-7,39
-2,-7,39
-1,-7,39
-2,-7,40
-2,-7,40
-1,-7,39
-1,-6,39
-1,-7,39
-1,-7,39
-2,-7,40
-1,-7,39
-1,-7,39
-2,-6,38
-2,-8,38
-1,-7,39
-2,-7,40
-2,-7,40
